{"full_convex_hulls":{"averages":[[0.0,4.199743269814316e-8,-0.006336494960640982,0.09132678953480383,4.1997432698226425e-8,-0.006144391678003256,0.0906215891752244,-0.06430491258933448,-0.03172604680910508,0.08877028118120776,-0.0676652628527508,-0.03165721590207696,0.086355046683825,0.13415008198394746,0.09519811280372796,-0.026645724756107773,-0.026646223383028644,-0.027856868729042302,-0.03139916847927469,-0.03139926189178864,0.13150010250092165],[4.199743269814316e-8,0.0,-0.015801227917354888,0.11942703328601943,0.027511714993508206,0.06711715905313895,0.17888566326271124,0.2715135088086163,0.25299426491492377,0.3146287379605258,0.27722088362131875,0.271766047036021,0.34625389152376457,0.045299447585168344,0.03302742573602733,0.20539245645272033,0.17260004903631304,0.19259170975051368,0.20553540394880512,0.17230014000438748,0.04202512180761829],[-0.006336494960640982,-0.015801227917354888,0.0,-0.027102690188568604,0.061931240783498945,0.09598086395060869,0.190902582303576,0.23428824383568714,0.21198758594107478,0.27400280975433094,0.26117663969018823,0.2639012465257481,0.34184138438849443,0.06367961251208365,0.057906238012369625,0.2141486017749065,0.13767432528536924,0.184196325003838,0.21303382003488136,0.13991735140874298,0.06197138596099931],[0.09132678953480383,0.11942703328601943,-0.027102690188568604,0.0,0.1735129081374148,0.18967316955185223,0.2558242662625346,0.24537347325206013,0.2187952203783239,0.2870951142095682,0.28396294269119965,0.2901104302857739,0.3688935733373558,0.19959232532133322,0.19405451342660052,0.26012885474838177,0.1655556205206593,0.22448376694201289,0.25953517412469373,0.169476240127652,0.1975591644170158],[4.1997432698226425e-8,0.027511714993508206,0.061931240783498945,0.1735129081374148,0.0,-0.0009998996555805324,0.1228712064999577,0.2769417383423614,0.2698584058800607,0.343539995056899,0.2715135088086163,0.25318729200219836,0.3155707425726387,0.03471431650882112,0.018860607603311666,0.18106172678311452,0.19298238984150606,0.1896595800228579,0.18510292981452015,0.19447205990877695,0.03540390819953492],[-0.006144391678003256,0.06711715905313895,0.09598086395060869,0.18967316955185223,-0.0009998996555805324,0.0,-0.02704258882540599,0.26219941089696597,0.261814889106671,0.3406141176086605,0.23490840447826283,0.2116828536157618,0.27561236731079847,0.05387388556629759,0.04912558268520956,0.14779444706452863,0.20502388254169465,0.17736683116409285,0.14920172873064513,0.20837054608833266,0.05599016689903663],[0.0906215891752244,0.17888566326271124,0.190902582303576,0.2558242662625346,0.1228712064999577,-0.02704258882540599,0.0,0.2832563820630575,0.286375768448535,0.36671847109677336,0.24342528130595217,0.21507631339234118,0.28816132026717584,0.19407382975832904,0.18961853514691945,0.17159418701172793,0.25284013765400226,0.21541246818715795,0.1702922809695388,0.25648817870549323,0.19745318364405204],[-0.06430491258933448,0.2715135088086163,0.23428824383568714,0.24537347325206013,0.2769417383423614,0.26219941089696597,0.2832563820630575,0.0,-0.015805854503884047,0.12005557480794381,0.02783565409489172,0.06730601249014549,0.17695726742246065,0.40781850406474685,0.37040947525513546,0.12481454564353778,0.08385873562321869,0.05602297900300597,0.12719720781100774,0.08671310213377775,0.4046244638903824],[-0.03172604680910508,0.25299426491492377,0.21198758594107478,0.2187952203783239,0.2698584058800607,0.261814889106671,0.286375768448535,-0.015805854503884047,0.0,-0.02711297544609096,0.06242503889489706,0.09646002475866555,0.18948108269043706,0.39228323123114756,0.35942224118379174,0.1442848464507106,0.07408758659313357,0.07390986574731528,0.14783498690387892,0.07509613243908998,0.38941437590421474],[0.08877028118120776,0.3146287379605258,0.27400280975433094,0.2870951142095682,0.343539995056899,0.3406141176086605,0.36671847109677336,0.12005557480794381,-0.02711297544609096,0.0,0.17422148258221898,0.1919400394345934,0.2602134259316986,0.45005723702829215,0.4199378957842562,0.25715569779843905,0.18599061317711335,0.20655777525381674,0.26093012652541275,0.18649239289650454,0.44571799325987516],[-0.0676652628527508,0.27722088362131875,0.26117663969018823,0.28396294269119965,0.2715135088086163,0.23490840447826283,0.24342528130595217,0.02783565409489172,0.06242503889489706,0.17422148258221898,0.0,-0.0009998996555805326,0.12058134286812636,0.4061587428440194,0.3685824995303634,0.07543869310421351,0.1314811912809162,0.04419107155532908,0.07526933227298556,0.12849041544121237,0.4041977496936766],[-0.03165721590207696,0.271766047036021,0.2639012465257481,0.2901104302857739,0.25318729200219836,0.2116828536157618,0.21507631339234118,0.06730601249014549,0.09646002475866555,0.1919400394345934,-0.0009998996555805326,0.0,-0.02705729420190839,0.3892042205859098,0.35571524696901075,0.0647959478434899,0.15359360188769441,0.06259331322573886,0.0642186249104272,0.1502711111504682,0.3891020519062208],[0.086355046683825,0.34625389152376457,0.34184138438849443,0.3688935733373558,0.3155707425726387,0.27561236731079847,0.28816132026717584,0.17695726742246065,0.18948108269043706,0.2602134259316986,0.12058134286812636,-0.02705729420190839,0.0,0.4454516901858618,0.41568441106069376,0.17905201160339038,0.2629146213077734,0.1984970204623199,0.1811627528903326,0.2626796273313486,0.4453846699722272],[0.13415008198394746,0.045299447585168344,0.06367961251208365,0.19959232532133322,0.03471431650882112,0.05387388556629759,0.19407382975832904,0.40781850406474685,0.39228323123114756,0.45005723702829215,0.4061587428440194,0.3892042205859098,0.4454516901858618,0.0,0.022050210091014186,0.3211256263059613,0.3158066823357341,0.32394980713177723,0.32365888780310537,0.316448481729441,-0.012499999152087318],[0.09519811280372796,0.03302742573602733,0.057906238012369625,0.19405451342660052,0.018860607603311666,0.04912558268520956,0.18961853514691945,0.37040947525513546,0.35942224118379174,0.4199378957842562,0.3685824995303634,0.35571524696901075,0.41568441106069376,0.022050210091014186,0.0,0.2821107051289328,0.2765896378863383,0.28370023937225175,0.2860649977413345,0.28032928289459436,-0.0014157693110801333],[-0.026645724756107773,0.20539245645272033,0.2141486017749065,0.26012885474838177,0.18106172678311452,0.14779444706452863,0.17159418701172793,0.12481454564353778,0.1442848464507106,0.25715569779843905,0.07543869310421351,0.0647959478434899,0.17905201160339038,0.3211256263059613,0.2821107051289328,0.0,0.1280447555841739,0.05125911328071401,-0.01250000131092098,0.13193989784737056,0.3199655671925839],[-0.026646223383028644,0.17260004903631304,0.13767432528536924,0.1655556205206593,0.19298238984150606,0.20502388254169465,0.25284013765400226,0.08385873562321869,0.07408758659313357,0.18599061317711335,0.1314811912809162,0.15359360188769441,0.2629146213077734,0.3158066823357341,0.2765896378863383,0.1280447555841739,0.0,0.061494481059183675,0.13193989784737056,-0.012500001310920978,0.31076348251948105],[-0.027856868729042302,0.19259170975051368,0.184196325003838,0.22448376694201289,0.1896595800228579,0.17736683116409285,0.21541246818715795,0.05602297900300597,0.07390986574731528,0.20655777525381674,0.04419107155532908,0.06259331322573886,0.1984970204623199,0.32394980713177723,0.28370023937225175,0.05125911328071401,0.061494481059183675,0.0,0.05678671262522515,0.06760384746728854,0.320140472058688],[-0.03139916847927469,0.20553540394880512,0.21303382003488136,0.25953517412469373,0.18510292981452015,0.14920172873064513,0.1702922809695388,0.12719720781100774,0.14783498690387892,0.26093012652541275,0.07526933227298556,0.0642186249104272,0.1811627528903326,0.32365888780310537,0.2860649977413345,-0.01250000131092098,0.13193989784737056,0.05678671262522515,0.0,0.13106920130087546,0.3229911360805138],[-0.03139926189178864,0.17230014000438748,0.13991735140874298,0.169476240127652,0.19447205990877695,0.20837054608833266,0.25648817870549323,0.08671310213377775,0.07509613243908998,0.18649239289650454,0.12849041544121237,0.1502711111504682,0.2626796273313486,0.316448481729441,0.28032928289459436,0.13193989784737056,-0.012500001310920978,0.06760384746728854,0.13106920130087546,0.0,0.31247509987485916],[0.13150010250092165,0.04202512180761829,0.06197138596099931,0.1975591644170158,0.03540390819953492,0.05599016689903663,0.19745318364405204,0.4046244638903824,0.38941437590421474,0.44571799325987516,0.4041977496936766,0.3891020519062208,0.4453846699722272,-0.012499999152087318,-0.0014157693110801333,0.3199655671925839,0.31076348251948105,0.320140472058688,0.3229911360805138,0.31247509987485916,0.0]],"maximums":[[0.0,4.199743272592649e-8,0.009521599240930378,0.24835890370979144,4.199743272592649e-8,0.009521253548340186,0.2522787092429738,-0.061006464959053354,-0.028162879246558043,0.16880941220540657,-0.0644177330109769,-0.0281477175522205,0.16825743544273677,0.1341500819839475,0.09519811280372666,-0.026645724756107533,-0.026646223383028057,-0.027856868729042025,-0.03139916847927435,-0.031399261891788474,0.13150010250091984],[4.199743272592649e-8,0.0,-0.015506168389628277,0.15854771735664083,0.041096128339328776,0.09201741545692597,0.26996325944167293,0.27151350880861286,0.2727215854344114,0.5167378926039735,0.2786607019911063,0.2883430358088228,0.5346704634449112,0.04666209046060814,0.04179077170538255,0.20823160171688548,0.1726000490661961,0.19379808823243094,0.2080193665133118,0.17230014001866906,0.04468646632247827],[0.009521599240930378,-0.015506168389628277,0.0,-0.026979436430592023,0.07825863515287834,0.12925979025008374,0.30687870858485716,0.2814696915856681,0.2824645921006195,0.5246302615506073,0.29727939073015125,0.31069323998568604,0.5548004232130251,0.07053488034186854,0.0739037277623006,0.23588740455151966,0.18264631515184987,0.21389534581685457,0.23463283927265274,0.1823484694355785,0.07082111436741673],[0.24835890370979144,0.15854771735664083,-0.026979436430592023,0.0,0.2673104811290783,0.31376977729015987,0.48196677702769847,0.5192905208460403,0.5180773354612085,0.7001571112956302,0.5397392416666531,0.5468908566148347,0.780528494584003,0.3007285783823442,0.28032327972447946,0.4739474901476151,0.42266095691975936,0.45970491242665207,0.4728768708243988,0.4190037427958013,0.2964016869346828],[4.199743272592649e-8,0.041096128339328776,0.07825863515287834,0.2673104811290783,0.0,-0.0009998996555805016,0.15996058640975375,0.277094767083942,0.2852700341986602,0.5330155893375145,0.27151350880861286,0.27272120321834925,0.5170769309502332,0.035194512710327114,0.02602862089754345,0.18134851851909006,0.1937863662784832,0.18967105591663816,0.18512314921940148,0.19524949273621328,0.035996273737742154],[0.009521253548340186,0.09201741545692597,0.12925979025008374,0.31376977729015987,-0.0009998996555805016,0.0,-0.02692340554807245,0.29852280452886304,0.3101356362115845,0.5542231346865093,0.28146226626468246,0.2826714749626224,0.525225779451811,0.060756667134851096,0.06439549066112482,0.19168465093644604,0.2263704207422896,0.2089030835228908,0.19470880678111102,0.2281683058770461,0.06192013659677097],[0.2522787092429738,0.26996325944167293,0.30687870858485716,0.48196677702769847,0.15996058640975375,-0.02692340554807245,0.0,0.5431410192979153,0.5520376969357255,0.780912714551665,0.5236789721274768,0.5198598765381303,0.7632797454284771,0.29348401122908596,0.2693493222969709,0.42947001432839166,0.4648924423583552,0.45460702366209915,0.4328225580478975,0.46647663765762737,0.29408223205113543],[-0.061006464959053354,0.27151350880861286,0.2814696915856681,0.5192905208460403,0.277094767083942,0.29852280452886304,0.5431410192979153,0.0,-0.015506172713071828,0.15840875925289932,0.04111313866492517,0.09222343444677318,0.27189704343078486,0.4079911150097131,0.37113552022684504,0.12854371414879856,0.08467172818738322,0.05994587311715329,0.13022363555790042,0.08722368020800889,0.40477426453696164],[-0.028162879246558043,0.2727215854344114,0.2824645921006195,0.5180773354612085,0.2852700341986602,0.3101356362115845,0.5520376969357255,-0.015506172713071828,0.0,-0.026979518390147197,0.07828305928592554,0.1296639720288225,0.3085059672669731,0.4129791523198116,0.3765535803162864,0.15399646142717305,0.08565806927380365,0.08548670562989563,0.1555601029330426,0.08773015879837391,0.4094081366571516],[0.16880941220540657,0.5167378926039735,0.5246302615506073,0.7001571112956302,0.5330155893375145,0.5542231346865093,0.780912714551665,0.15840875925289932,-0.026979518390147197,0.0,0.261212779134929,0.305633823591377,0.4911233904559588,0.6605624548093747,0.6237647722727042,0.37264336395387293,0.3284494340653003,0.30953571095489324,0.3767713089065108,0.33172064305103566,0.6566792227485932],[-0.0644177330109769,0.2786607019911063,0.29727939073015125,0.5397392416666531,0.27151350880861286,0.28146226626468246,0.5236789721274768,0.04111313866492517,0.07828305928592554,0.261212779134929,0.0,-0.0009998996555804912,0.1599219672551308,0.4063130597630006,0.36936693254569325,0.07580735288727983,0.13412938526054033,0.045575424394814726,0.07556722028060904,0.13048555070868373,0.40440485303499085],[-0.0281477175522205,0.2883430358088228,0.31069323998568604,0.5468908566148347,0.27272120321834925,0.2826714749626224,0.5198598765381303,0.09222343444677318,0.1296639720288225,0.305633823591377,-0.0009998996555804912,0.0,-0.026923428270963116,0.4102463407599597,0.37374564073361943,0.07619796962190778,0.16233287862686488,0.07333945807289398,0.07590152093687254,0.15764252070457102,0.40916720831561637],[0.16825743544273677,0.5346704634449112,0.5548004232130251,0.780528494584003,0.5170769309502332,0.525225779451811,0.7632797454284771,0.27189704343078486,0.3085059672669731,0.4911233904559588,0.1599219672551308,-0.026923428270963116,0.0,0.657437210358087,0.6210281203622843,0.31812659663579307,0.38632702357662213,0.3010912754567954,0.3201799844982809,0.3829334534691056,0.6559495515819455],[0.1341500819839475,0.04666209046060814,0.07053488034186854,0.3007285783823442,0.035194512710327114,0.060756667134851096,0.29348401122908596,0.4079911150097131,0.4129791523198116,0.6605624548093747,0.4063130597630006,0.4102463407599597,0.657437210358087,0.0,0.022050210091014336,0.3211256263059664,0.3158066823357367,0.32394980713177035,0.3236588878031029,0.3164484817294392,-0.012499999152087216],[0.09519811280372666,0.04179077170538255,0.0739037277623006,0.28032327972447946,0.02602862089754345,0.06439549066112482,0.2693493222969709,0.37113552022684504,0.3765535803162864,0.6237647722727042,0.36936693254569325,0.37374564073361943,0.6210281203622843,0.022050210091014336,0.0,0.28211070512893416,0.2765896378863454,0.28370023937225336,0.28606499774133437,0.2803292828945914,-0.0014157693110801578],[-0.026645724756107533,0.20823160171688548,0.23588740455151966,0.4739474901476151,0.18134851851909006,0.19168465093644604,0.42947001432839166,0.12854371414879856,0.15399646142717305,0.37264336395387293,0.07580735288727983,0.07619796962190778,0.31812659663579307,0.3211256263059664,0.28211070512893416,0.0,0.12804475558417702,0.05125911328071319,-0.012500001310921206,0.13193989784736818,0.31996556719258856],[-0.026646223383028057,0.1726000490661961,0.18264631515184987,0.42266095691975936,0.1937863662784832,0.2263704207422896,0.4648924423583552,0.08467172818738322,0.08565806927380365,0.3284494340653003,0.13412938526054033,0.16233287862686488,0.38632702357662213,0.3158066823357367,0.2765896378863454,0.12804475558417702,0.0,0.06149448105918296,0.13193989784736818,-0.012500001310921195,0.3107634825194816],[-0.027856868729042025,0.19379808823243094,0.21389534581685457,0.45970491242665207,0.18967105591663816,0.2089030835228908,0.45460702366209915,0.05994587311715329,0.08548670562989563,0.30953571095489324,0.045575424394814726,0.07333945807289398,0.3010912754567954,0.32394980713177035,0.28370023937225336,0.05125911328071319,0.06149448105918296,0.0,0.056786712625224486,0.06760384746728777,0.32014047205868357],[-0.03139916847927435,0.2080193665133118,0.23463283927265274,0.4728768708243988,0.18512314921940148,0.19470880678111102,0.4328225580478975,0.13022363555790042,0.1555601029330426,0.3767713089065108,0.07556722028060904,0.07590152093687254,0.3201799844982809,0.3236588878031029,0.28606499774133437,-0.012500001310921206,0.13193989784736818,0.056786712625224486,0.0,0.13106920130087713,0.32299113608051394],[-0.031399261891788474,0.17230014001866906,0.1823484694355785,0.4190037427958013,0.19524949273621328,0.2281683058770461,0.46647663765762737,0.08722368020800889,0.08773015879837391,0.33172064305103566,0.13048555070868373,0.15764252070457102,0.3829334534691056,0.3164484817294392,0.2803292828945914,0.13193989784736818,-0.012500001310921195,0.06760384746728777,0.13106920130087713,0.0,0.31247509987485605],[0.13150010250091984,0.04468646632247827,0.07082111436741673,0.2964016869346828,0.035996273737742154,0.06192013659677097,0.29408223205113543,0.40477426453696164,0.4094081366571516,0.6566792227485932,0.40440485303499085,0.40916720831561637,0.6559495515819455,-0.012499999152087216,-0.0014157693110801578,0.31996556719258856,0.3107634825194816,0.32014047205868357,0.32299113608051394,0.31247509987485605,0.0]],"minimums":[[0.0,4.1997432670415336e-8,-0.0329666548302576,0.003610524103675148,4.1997432670415336e-8,-0.033022899317848645,0.0036119993712160937,-0.06909245147987664,-0.03535072454217077,0.0037125329897363065,-0.0723599600048786,-0.035348982585000285,0.004109485932321059,0.1341500819839475,0.09519811280372666,-0.026645724756107533,-0.026646223383028057,-0.027856868729042025,-0.03139916847927435,-0.031399261891788474,0.13150010250091984],[4.1997432670415336e-8,0.0,-0.01594747488601696,0.0276449092822695,0.0010622635658742688,0.03300863344571668,0.07703174104513011,0.27151350880861275,0.10974880760289707,0.035187942574362634,0.2761307526103317,0.14776169304087466,0.10961326622066911,0.04350510573432652,0.023321065585818517,0.20326885219723292,0.1726000490052246,0.19169107185290019,0.2034882331325828,0.17230013996862611,0.03940525205912138],[-0.0329666548302576,-0.01594747488601696,0.0,-0.028797644821305982,0.03267479517646957,-0.018617331710177983,-0.045970345388311004,0.11265949114218093,-0.032084624218611614,-0.03555377081356235,0.1528558813717697,0.05382321442544775,0.01882656921327372,0.033060460369399206,0.015294846777416913,0.11935045024385935,0.005762764988519159,0.0648982586125781,0.12748788517541743,0.012013516025912694,0.036372316805276465],[0.003610524103675148,0.0276449092822695,-0.028797644821305982,0.0,0.07906841680367084,-0.022790867407086076,-0.032413395535812316,0.011622968775777889,-0.05813758646326209,-0.03325952932600368,0.07595388056324222,0.04548110062471701,-0.022015088702569227,0.06682023004248422,0.049222779156686707,0.10629285798600051,0.004352237458044027,0.05614970906694791,0.12393901835666142,0.0022456356075160233,0.06478429937426686],[4.1997432670415336e-8,0.0010622635658742688,0.03267479517646957,0.07906841680367084,0.0,-0.0009998996555805363,0.04337916978340839,0.27684890079888147,0.1451454595923282,0.0948727262025674,0.27151350880861275,0.11007999390729617,0.04232421372050525,0.03437125010640534,0.010656647356399648,0.1809164150464613,0.19224481691695092,0.189649934141318,0.18510004806244962,0.19360500306959755,0.034968709405400124],[-0.033022899317848645,0.03300863344571668,-0.018617331710177983,-0.022790867407086076,-0.0009998996555805363,0.0,-0.028770137221191885,0.15360301445054503,0.0409615576718267,0.04049958491065986,0.11362048263224732,-0.04294803692307594,-0.03618939550257355,0.020453413381282464,0.005653049739686046,0.017177907888978418,0.11188802264703267,0.053595310209475784,0.015731770875651196,0.1308435984975665,0.034613939324396874],[0.0036119993712160937,0.07703174104513011,-0.045970345388311004,-0.032413395535812316,0.04337916978340839,-0.028770137221191885,0.0,0.08273397174712384,-0.01636735527768086,-0.0412300541346109,0.011955769479841926,-0.04546277040355584,-0.03834718462471765,0.05547425451841818,0.04490463931295644,0.002671637417531632,0.10734060811964911,0.045423895778307376,0.004821116274835975,0.11847306148321524,0.06507149243268995],[-0.06909245147987664,0.27151350880861275,0.11265949114218093,0.011622968775777889,0.27684890079888147,0.15360301445054503,0.08273397174712384,0.0,-0.015947575021845756,0.028119763880342968,0.0019284200823229797,0.03332605558954399,0.08012963057283977,0.4077579957923321,0.37016780349382394,0.11926248935367556,0.08364393323936659,0.051996084816069724,0.12254227301751838,0.0865934007132044,0.40457193183514883],[-0.03535072454217077,0.10974880760289707,-0.032084624218611614,-0.05813758646326209,0.1451454595923282,0.0409615576718267,-0.01636735527768086,-0.015947575021845756,0.0,-0.028790338953862567,0.03245948881995722,-0.001831285349282842,-0.029802304593669237,0.24882617299601073,0.23637518633318289,0.09532683787507672,-0.0071916186297343275,0.0290958147864987,0.10737568103404577,-0.015902508281820993,0.2510098015173401],[0.0037125329897363065,0.035187942574362634,-0.03555377081356235,-0.03325952932600368,0.0948727262025674,0.04049958491065986,-0.0412300541346109,0.028119763880342968,-0.028790338953862567,0.0,0.08579847639837479,-0.026595686744748357,-0.04004120053960915,0.1698950940941268,0.1101610222065781,0.11088680172936284,0.0005846950620459272,0.051323834678951144,0.12582111119920172,0.001524852353700551,0.15058441595366717],[-0.0723599600048786,0.2761307526103317,0.1528558813717697,0.07595388056324222,0.27151350880861275,0.11362048263224732,0.011955769479841926,0.0019284200823229797,0.03245948881995722,0.08579847639837479,0.0,-0.0009998996555805398,0.043121873201257224,0.406110482079318,0.3680855889313245,0.07533768582732756,0.12737226734322185,0.04274695418781444,0.07518009501884765,0.12533207673646327,0.4041247309773419],[-0.035348982585000285,0.14776169304087466,0.05382321442544775,0.04548110062471701,0.11007999390729617,-0.04294803692307594,-0.04546277040355584,0.03332605558954399,-0.001831285349282842,-0.026595686744748357,-0.0009998996555805398,0.0,-0.02880515545828312,0.2414910850708966,0.22537622916020889,-0.014807850496491028,0.10930801212002061,0.02161532027387977,-0.017089555278234598,0.10537035805538529,0.24718246249819353],[0.004109485932321059,0.10961326622066911,0.01882656921327372,-0.022015088702569227,0.04232421372050525,-0.03618939550257355,-0.03834718462471765,0.08012963057283977,-0.029802304593669237,-0.04004120053960915,0.043121873201257224,-0.02880515545828312,0.0,0.1654745855785183,0.10852185982876508,0.004333205202614663,0.1090280572624296,0.04382309662277614,0.002346388669729202,0.12145550045930134,0.1508341624908906],[0.1341500819839475,0.04350510573432652,0.033060460369399206,0.06682023004248422,0.03437125010640534,0.020453413381282464,0.05547425451841818,0.4077579957923321,0.24882617299601073,0.1698950940941268,0.406110482079318,0.2414910850708966,0.1654745855785183,0.0,0.022050210091014336,0.3211256263059664,0.3158066823357367,0.32394980713177035,0.3236588878031029,0.3164484817294392,-0.012499999152087216],[0.09519811280372666,0.023321065585818517,0.015294846777416913,0.049222779156686707,0.010656647356399648,0.005653049739686046,0.04490463931295644,0.37016780349382394,0.23637518633318289,0.1101610222065781,0.3680855889313245,0.22537622916020889,0.10852185982876508,0.022050210091014336,0.0,0.28211070512893416,0.2765896378863454,0.28370023937225336,0.28606499774133437,0.2803292828945914,-0.0014157693110801578],[-0.026645724756107533,0.20326885219723292,0.11935045024385935,0.10629285798600051,0.1809164150464613,0.017177907888978418,0.002671637417531632,0.11926248935367556,0.09532683787507672,0.11088680172936284,0.07533768582732756,-0.014807850496491028,0.004333205202614663,0.3211256263059664,0.28211070512893416,0.0,0.12804475558417702,0.05125911328071319,-0.012500001310921206,0.13193989784736818,0.31996556719258856],[-0.026646223383028057,0.1726000490052246,0.005762764988519159,0.004352237458044027,0.19224481691695092,0.11188802264703267,0.10734060811964911,0.08364393323936659,-0.0071916186297343275,0.0005846950620459272,0.12737226734322185,0.10930801212002061,0.1090280572624296,0.3158066823357367,0.2765896378863454,0.12804475558417702,0.0,0.06149448105918296,0.13193989784736818,-0.012500001310921195,0.3107634825194816],[-0.027856868729042025,0.19169107185290019,0.0648982586125781,0.05614970906694791,0.189649934141318,0.053595310209475784,0.045423895778307376,0.051996084816069724,0.0290958147864987,0.051323834678951144,0.04274695418781444,0.02161532027387977,0.04382309662277614,0.32394980713177035,0.28370023937225336,0.05125911328071319,0.06149448105918296,0.0,0.056786712625224486,0.06760384746728777,0.32014047205868357],[-0.03139916847927435,0.2034882331325828,0.12748788517541743,0.12393901835666142,0.18510004806244962,0.015731770875651196,0.004821116274835975,0.12254227301751838,0.10737568103404577,0.12582111119920172,0.07518009501884765,-0.017089555278234598,0.002346388669729202,0.3236588878031029,0.28606499774133437,-0.012500001310921206,0.13193989784736818,0.056786712625224486,0.0,0.13106920130087713,0.32299113608051394],[-0.031399261891788474,0.17230013996862611,0.012013516025912694,0.0022456356075160233,0.19360500306959755,0.1308435984975665,0.11847306148321524,0.0865934007132044,-0.015902508281820993,0.001524852353700551,0.12533207673646327,0.10537035805538529,0.12145550045930134,0.3164484817294392,0.2803292828945914,0.13193989784736818,-0.012500001310921195,0.06760384746728777,0.13106920130087713,0.0,0.31247509987485605],[0.13150010250091984,0.03940525205912138,0.036372316805276465,0.06478429937426686,0.034968709405400124,0.034613939324396874,0.06507149243268995,0.40457193183514883,0.2510098015173401,0.15058441595366717,0.4041247309773419,0.24718246249819353,0.1508341624908906,-0.012499999152087216,-0.0014157693110801578,0.31996556719258856,0.3107634825194816,0.32014047205868357,0.32299113608051394,0.31247509987485605,0.0]]},"full_obbs":{"averages":[[0.0,-0.07958859557109126,-0.029821930012989828,0.05090570670862367,-0.07959644411819942,-0.02973303589943501,0.05240296436455665,-0.07961540602863153,-0.03044151553262197,0.07566773307348604,-0.07958328388966608,-0.02978023556228979,0.0769115567220021,0.05032053681463069,0.011270567786693733,-0.03391534663754669,-0.03391534663754669,-0.03467481991499694,-0.0321398097865932,-0.0321398097865932,0.04767055721283017],[-0.07958859557109126,0.0,0.013885880745947425,0.09409260711031574,0.016503711305096577,0.07942812233476693,0.15086999734944628,0.2715135088086163,0.2157404917864408,0.296498023727652,0.27219646654839313,0.23508477113962975,0.3327391209698545,0.028687108425165468,0.021148379147840683,0.20732225530082404,0.1684067987650515,0.19419424961908371,0.19720532817597528,0.18285679811001912,0.02340957078391532],[-0.029821930012989828,0.013885880745947425,0.0,0.010625224705125101,0.07916613109597971,0.11164658354078633,0.1766784048436534,0.21472174037548428,0.1671973967282781,0.24898068692741715,0.2356879280380024,0.2322622629506361,0.32900412357649267,0.07912235781113172,0.08305959834172914,0.20458384170895813,0.11675304420003939,0.17046966368287803,0.198193594000819,0.13087357162602778,0.07015183010104747],[0.05090570670862367,0.09409260711031574,0.010625224705125101,0.0,0.14983575840297306,0.17620358757572194,0.24137326225868538,0.2183028453777087,0.1726183644734865,0.27009185463552177,0.25496112242964214,0.2630960887847225,0.35429718610920324,0.18601040889839152,0.18230045392323152,0.2525461107240804,0.15510679224184784,0.21943274495973367,0.24826863059722715,0.16172454236127165,0.18078820553568192],[-0.07959644411819942,0.016503711305096577,0.07916613109597971,0.14983575840297306,0.0,0.014131660498678748,0.0950367577486311,0.2721640695588052,0.23693718947709194,0.3248883070407114,0.2715135088086163,0.21401671724913363,0.3052269178767618,0.025306843118369383,0.000021649016210546366,0.19340679876504693,0.18407651354634236,0.1928728229973658,0.18285679811001912,0.19713945073986777,0.02336893012864698],[-0.02973303589943501,0.07942812233476693,0.11164658354078633,0.17620358757572194,0.014131660498678748,0.0,0.011364117942769982,0.23933414959999336,0.23681464587762854,0.323820691207836,0.21840352770930466,0.16893054045207193,0.2598452447284865,0.05841796925177464,0.05968051648400982,0.14502170417572124,0.191093098957689,0.1633617698271348,0.13503162827368667,0.20100478337518543,0.0703909762748262],[0.05240296436455665,0.15086999734944628,0.1766784048436534,0.24137326225868538,0.0950367577486311,0.011364117942769982,0.0,0.25838060587429396,0.26629227016532164,0.3507845363071688,0.22278680727989938,0.17735761641807252,0.27448063337572226,0.17458375841528503,0.16987593847365137,0.1713202734537713,0.2430477788552257,0.20723045195204362,0.16500287606379152,0.24937245059815782,0.18132672821629928],[-0.07961540602863153,0.2715135088086163,0.21472174037548428,0.2183028453777087,0.2721640695588052,0.23933414959999336,0.25838060587429396,0.0,0.013885880745947425,0.09587344488949953,0.015925913773305943,0.07866042075081708,0.15189307515970707,0.40173134366138136,0.36320861997526493,0.09622182066667272,0.08640679876504938,0.035805568824604936,0.10543464088836241,0.07585679811002306,0.39889709518051114],[-0.03044151553262197,0.2157404917864408,0.1671973967282781,0.1726183644734865,0.23693718947709194,0.23681464587762854,0.26629227016532164,0.013885880745947425,0.0,0.012188488463630468,0.07811438016234158,0.10971652750366406,0.17746677538059785,0.35700642583083303,0.3233981717618254,0.14462657476399224,0.04436148655431947,0.08657928645224508,0.1488678495170696,0.0358677225083923,0.35201339041444163],[0.07566773307348604,0.296498023727652,0.24898068692741715,0.27009185463552177,0.3248883070407114,0.323820691207836,0.3507845363071688,0.09587344488949953,0.012188488463630468,0.0,0.1519038591905144,0.1763720272639378,0.23561637019109966,0.43396069620611627,0.40626496230234366,0.2428420592479972,0.17809397785713932,0.19700728422844005,0.24855463545306694,0.1730079918002099,0.42939186537147406],[-0.07958328388966608,0.27219646654839313,0.2356879280380024,0.25496112242964214,0.2715135088086163,0.21840352770930466,0.22278680727989938,0.015925913773305943,0.07811438016234158,0.1519038591905144,0.0,0.014131660498678748,0.09512818828651792,0.4015068431183796,0.3625180700128903,0.06140679876504865,0.11375450808532032,0.028527541993558482,0.07585679811002306,0.10552529393471469,0.3988990500678905],[-0.02978023556228979,0.23508477113962975,0.2322622629506361,0.2630960887847225,0.21401671724913363,0.16893054045207193,0.17735761641807252,0.07866042075081708,0.10971652750366406,0.1763720272639378,0.014131660498678748,0.0,0.01169483517290628,0.3502797119576285,0.3158759223593921,0.025704028008699337,0.1512659013624341,0.06522788701068633,0.03385468463462823,0.14876064588741209,0.3503992174363394],[0.0769115567220021,0.3327391209698545,0.32900412357649267,0.35429718610920324,0.3052269178767618,0.2598452447284865,0.27448063337572226,0.15189307515970707,0.17746677538059785,0.23561637019109966,0.09512818828651792,0.01169483517290628,0.0,0.4365511806778606,0.40894498357629167,0.17274555361126478,0.2566817224141824,0.1882200184507293,0.17837126849742566,0.2524525211363261,0.43828397803450597],[0.05032053681463069,0.028687108425165468,0.07912235781113172,0.18601040889839152,0.025306843118369383,0.05841796925177464,0.17458375841528503,0.40173134366138136,0.35700642583083303,0.43396069620611627,0.4015068431183796,0.3502797119576285,0.4365511806778606,0.0,0.02205020840019018,0.3270306339418364,0.30713853144842074,0.32350597557649474,0.3159547031492026,0.32039489179197606,-0.002249911933541763],[0.011270567786693733,0.021148379147840683,0.08305959834172914,0.18230045392323152,0.000021649016210546366,0.05968051648400982,0.16987593847365137,0.36320861997526493,0.3233981717618254,0.40626496230234366,0.3625180700128903,0.3158759223593921,0.40894498357629167,0.02205020840019018,0.0,0.2874696268412802,0.26792352184096246,0.28370023937225175,0.27790752817418124,0.2829454125094928,-0.002249911933541762],[-0.03391534663754669,0.20732225530082404,0.20458384170895813,0.2525461107240804,0.19340679876504693,0.14502170417572124,0.1713202734537713,0.09622182066667272,0.14462657476399224,0.2428420592479972,0.06140679876504865,0.025704028008699337,0.17274555361126478,0.3270306339418364,0.2874696268412802,0.0,0.1264420445748158,0.042234708034798195,-0.002249911933541762,0.1306046602350899,0.3257570303886945],[-0.03391534663754669,0.1684067987650515,0.11675304420003939,0.15510679224184784,0.18407651354634236,0.191093098957689,0.2430477788552257,0.08640679876504938,0.04436148655431947,0.17809397785713932,0.11375450808532032,0.1512659013624341,0.2566817224141824,0.30713853144842074,0.26792352184096246,0.1264420445748158,0.0,0.06766853755231297,0.1306046602350899,-0.002249911933541763,0.3011729323395684],[-0.03467481991499694,0.19419424961908371,0.17046966368287803,0.21943274495973367,0.1928728229973658,0.1633617698271348,0.20723045195204362,0.035805568824604936,0.08657928645224508,0.19700728422844005,0.028527541993558482,0.06522788701068633,0.1882200184507293,0.32350597557649474,0.28370023937225175,0.042234708034798195,0.06766853755231297,0.0,0.0476222797407568,0.07136801644990944,0.32010022879838834],[-0.0321398097865932,0.19720532817597528,0.198193594000819,0.24826863059722715,0.18285679811001912,0.13503162827368667,0.16500287606379152,0.10543464088836241,0.1488678495170696,0.24855463545306694,0.07585679811002306,0.03385468463462823,0.17837126849742566,0.3159547031492026,0.27790752817418124,-0.002249911933541762,0.1306046602350899,0.0476222797407568,0.0,0.12972040105002133,0.3156607909826888],[-0.0321398097865932,0.18285679811001912,0.13087357162602778,0.16172454236127165,0.19713945073986777,0.20100478337518543,0.24937245059815782,0.07585679811002306,0.0358677225083923,0.1730079918002099,0.10552529393471469,0.14876064588741209,0.2524525211363261,0.32039489179197606,0.2829454125094928,0.1306046602350899,-0.002249911933541763,0.07136801644990944,0.12972040105002133,0.0,0.3156607909826888],[0.04767055721283017,0.02340957078391532,0.07015183010104747,0.18078820553568192,0.02336893012864698,0.0703909762748262,0.18132672821629928,0.39889709518051114,0.35201339041444163,0.42939186537147406,0.3988990500678905,0.3503992174363394,0.43828397803450597,-0.002249911933541763,-0.002249911933541762,0.3257570303886945,0.3011729323395684,0.32010022879838834,0.3156607909826888,0.3156607909826888,0.0]],"maximums":[[0.0,-0.07715845761855117,-0.009475659707435385,0.15431679009945917,-0.07726560181478925,-0.00937578112480538,0.1469703858723791,-0.07728146098823617,-0.009643151001514848,0.15683604610183804,-0.07718613400936326,-0.009267574119293711,0.15855593601964568,0.05032053681463011,0.011270567786693553,-0.033915346637547195,-0.033915346637547195,-0.03467481991499663,-0.032139809786593754,-0.032139809786593754,0.04767055721282959],[-0.07715845761855117,0.0,0.013885880745947383,0.14105806568217522,0.03939234485278038,0.1073239847401729,0.2414832563028389,0.27151350880861286,0.2770842325752832,0.5072279640107313,0.2743871538427554,0.2960031095168233,0.523314567804194,0.03487238276851082,0.03261921462633908,0.21301248737511083,0.16840679876504902,0.19550169614324214,0.20182938409130158,0.18285679811002215,0.026346910010035845],[-0.009475659707435385,0.013885880745947383,0.0,0.04731708365392513,0.10707174878562675,0.17481026169428876,0.3098416655103442,0.2771478255153315,0.2839779602688515,0.5135848905709911,0.29617648679062586,0.32904340942696575,0.5441456582782083,0.09661580703188884,0.10030507476100028,0.2530923267314413,0.17482349874672665,0.22203663850965977,0.24243656678790076,0.18853526481729344,0.08562835390853588],[0.15431679009945917,0.14105806568217522,0.04731708365392513,0.0,0.24282180850536897,0.30972608286537473,0.43783346182383137,0.5050464617402629,0.4904455426201536,0.7072307908021053,0.5195118939190367,0.5405319452989834,0.7581935383714571,0.2860859513103355,0.2648225782271094,0.4659649696363561,0.40218083309376085,0.4431695964397564,0.45573666691546516,0.41635125057291134,0.2796533218318853],[-0.07726560181478925,0.03939234485278038,0.10707174878562675,0.24282180850536897,0.0,0.014131660498678707,0.13932260266323482,0.2743262840612961,0.2963378835564952,0.5221499633424281,0.27151350880861286,0.27718117310804136,0.5102435188052591,0.025306843118369636,0.013378234701319366,0.19340679876504902,0.190600290675996,0.19322320250772054,0.18285679811002215,0.20182940698642413,0.026328171020144123],[-0.00937578112480538,0.1073239847401729,0.17481026169428876,0.30972608286537473,0.014131660498678707,0.0,0.047325768383002474,0.29588994294423526,0.32606968149554993,0.5441288267476898,0.27710318981818777,0.2848434941846909,0.5094647486201024,0.0733998427599831,0.08130987458871192,0.19960931470761747,0.23418237284737714,0.2141318168488122,0.1885738594831522,0.24276437467623913,0.08574824787774499],[0.1469703858723791,0.2414832563028389,0.3098416655103442,0.43783346182383137,0.13932260266323482,0.047325768383002474,0.0,0.5124303007661161,0.5389142519693924,0.7243357747619928,0.49741233207903685,0.5034307495541605,0.6757441669130093,0.27529097662590896,0.24986410731012496,0.42575165075528676,0.4439994468681618,0.4372403426121071,0.41077570908988675,0.4555350883116729,0.2797817775200544],[-0.07728146098823617,0.27151350880861286,0.2771478255153315,0.5050464617402629,0.2743262840612961,0.29588994294423526,0.5124303007661161,0.0,0.013885880745947383,0.14112659008531453,0.039345809466516876,0.10727744935390941,0.24520279103745624,0.40222118901952736,0.3639216982563554,0.10834877207662891,0.08640679876504898,0.04285034629709892,0.11424849437869555,0.07585679811002213,0.39908205956125026],[-0.009643151001514848,0.2770842325752832,0.2839779602688515,0.4904455426201536,0.2963378835564952,0.32606968149554993,0.5389142519693924,0.013885880745947383,0.0,0.04732962105596307,0.10702044786470358,0.17434892235068855,0.3107955267944724,0.416963216006201,0.38121984773128414,0.17043501751578455,0.09330188223037103,0.10563812521779967,0.17326162439679021,0.08189263339581014,0.41223508063149433],[0.15683604610183804,0.5072279640107313,0.5135848905709911,0.7072307908021053,0.5221499633424281,0.5441288267476898,0.7243357747619928,0.14112659008531453,0.04732962105596307,0.0,0.24274975250839353,0.3107098370778262,0.4512293359366926,0.647671421615988,0.6119249293181089,0.3558065959555578,0.32473681970664076,0.2944280987960401,0.3648775170478965,0.3125536965622435,0.6429049485625964],[-0.07718613400936326,0.2743871538427554,0.29617648679062586,0.5195118939190367,0.27151350880861286,0.27710318981818777,0.49741233207903685,0.039345809466516876,0.10702044786470358,0.24274975250839353,0.0,0.014131660498678707,0.14037743367436575,0.4015068431183697,0.36270370409920727,0.06140679876504898,0.12419362077321743,0.030829416021594225,0.07585679811002213,0.1142486082820142,0.399083160731251],[-0.009267574119293711,0.2960031095168233,0.32904340942696575,0.5405319452989834,0.27718117310804136,0.2848434941846909,0.5034307495541605,0.10727744935390941,0.17434892235068855,0.3107098370778262,0.014131660498678707,0.0,0.04736175831981863,0.41227675245414447,0.37664442739810733,0.06871207040477564,0.1818960372506985,0.08779806802519302,0.08204723942232849,0.17346450781835737,0.41217766642847287],[0.15855593601964568,0.523314567804194,0.5441456582782083,0.7581935383714571,0.5102435188052591,0.5094647486201024,0.6757441669130093,0.24520279103745624,0.3107955267944724,0.4512293359366926,0.14037743367436575,0.04736175831981863,0.0,0.645308639359445,0.607480099825566,0.2994611302590609,0.37436359841157757,0.2843569940747899,0.31421122572676696,0.36356798301188453,0.6447331300830028],[0.05032053681463011,0.03487238276851082,0.09661580703188884,0.2860859513103355,0.025306843118369636,0.0733998427599831,0.27529097662590896,0.40222118901952736,0.416963216006201,0.647671421615988,0.4015068431183697,0.41227675245414447,0.645308639359445,0.0,0.022050208400189876,0.32703063394184184,0.3071385314484201,0.323505975576492,0.31595470314920415,0.32039489179197184,-0.0022499119335417494],[0.011270567786693553,0.03261921462633908,0.10030507476100028,0.2648225782271094,0.013378234701319366,0.08130987458871192,0.24986410731012496,0.3639216982563554