(full_convex_hulls:(averages:[[0.0,-0.08241312642167091,-0.017375339396412507,0.07123672816932228,0.12654673945919667,-0.09030302369328867,-0.01832966346488569,0.07006921356511277,0.127880458043293,0.016940125042200257,0.010967025194134434,0.14054400124647443,0.21727728529209012,0.016940125042200254,0.010773684530452238,0.14265634908988648,0.22268284159786356],[-0.08241312642167091,0.0,0.0011870861559881202,0.12138836057448923,0.1982489050256689,0.004064511377740967,0.07381286303015627,0.1822664039353401,0.24723314214717096,0.2687220699369862,0.25192667820983566,0.31761094617265173,0.40530414553697885,0.271391929296426,0.273347923170536,0.3522799155000944,0.4382289275321145],[-0.017375339396412507,0.0011870861559881202,0.0,-0.026844298885512867,0.1477206032907315,0.06463284132145744,0.12068572639065543,0.21107896543366894,0.26969957502552433,0.24547217262537108,0.22424623007383732,0.2875152478681621,0.37492253787961477,0.269471288062888,0.2881189172285018,0.36589084731542554,0.44300434580734305],[0.07123672816932228,0.12138836057448923,-0.026844298885512867,0.0,-0.02256938720502901,0.17684867324481468,0.21286375701506874,0.2803312286311486,0.33975478484975846,0.26811576928367253,0.24562041629732226,0.3143731238222963,0.3986360403287916,0.3027261113712775,0.3284997038250597,0.40465144632808564,0.47623324948232887],[0.12654673945919667,0.1982489050256689,0.1477206032907315,-0.02256938720502901,0.0,0.24016935876241088,0.2687868455541329,0.3379893958524164,0.40248955895080046,0.36356958023542413,0.34110149220946756,0.40574193590892826,0.4877990790820254,0.39117087202596806,0.4090545443786403,0.4818840636430734,0.5553542171502572],[-0.09030302369328867,0.004064511377740967,0.06463284132145744,0.17684867324481468,0.24016935876241088,0.0,0.0008245676181683162,0.12872200848437046,0.20599940620742557,0.2741350831203378,0.27403061179279214,0.3486023244246659,0.43050269674286673,0.2687220699369862,0.2504578539294222,0.3217039721507771,0.4145172390769313],[-0.01832966346488569,0.07381286303015627,0.12068572639065543,0.21286375701506874,0.2687868455541329,0.0008245676181683162,0.0,-0.026830448239419668,0.14899210098529617,0.2761704786801908,0.2867127805035048,0.3620646908424298,0.4372261107607456,0.24708017891774745,0.2230356766466933,0.29383404568428356,0.38614767226806246],[0.07006921356511277,0.1822664039353401,0.21107896543366894,0.2803312286311486,0.3379893958524164,0.12872200848437046,-0.026830448239419668,0.0,-0.02256939107680602,0.3106197995989139,0.32433457648794456,0.3992723144024263,0.4680662784980625,0.27254499452390146,0.2446572806690661,0.32222913972753997,0.4115627025254869],[0.127880458043293,0.24723314214717096,0.26969957502552433,0.33975478484975846,0.40248955895080046,0.20599940620742557,0.14899210098529617,-0.02256939107680602,0.0,0.3980320628352051,0.40636201082409396,0.47760660129573884,0.5476958614567908,0.3670987986232912,0.3414118164739762,0.4148907412299959,0.5014961931054013],[0.016940125042200257,0.2687220699369862,0.24547217262537108,0.26811576928367253,0.36356958023542413,0.2741350831203378,0.2761704786801908,0.3106197995989139,0.3980320628352051,0.0,0.0011870859148408592,0.123833421005761,0.2079139270734698,0.004845826002294498,0.07569741837526914,0.1843092633781928,0.251543803490407],[0.010967025194134434,0.25192667820983566,0.22424623007383732,0.24562041629732226,0.34110149220946756,0.27403061179279214,0.2867127805035048,0.32433457648794456,0.40636201082409396,0.0011870859148408592,0.0,-0.02684712714903267,0.15119932785398513,0.06522713150090444,0.12299909309410735,0.21139204359011368,0.27094043741879587],[0.14054400124647443,0.31761094617265173,0.2875152478681621,0.3143731238222963,0.40574193590892826,0.3486023244246659,0.3620646908424298,0.3992723144024263,0.47760660129573884,0.123833421005761,-0.02684712714903267,0.0,-0.022569387205029014,0.17805763163381233,0.21481064227401456,0.28004862512587253,0.3369658038028929],[0.21727728529209012,0.40530414553697885,0.37492253787961477,0.3986360403287916,0.4877990790820254,0.43050269674286673,0.4372261107607456,0.4680662784980625,0.5476958614567908,0.2079139270734698,0.15119932785398513,-0.022569387205029014,0.0,0.2479198594256237,0.2762173424376763,0.34375938960815755,0.4047417456882835],[0.016940125042200254,0.271391929296426,0.269471288062888,0.3027261113712775,0.39117087202596806,0.2687220699369862,0.24708017891774745,0.27254499452390146,0.3670987986232912,0.004845826002294498,0.06522713150090444,0.17805763163381233,0.2479198594256237,0.0,0.0008189366357740766,0.1312311222832773,0.21231648590349012],[0.010773684530452238,0.273347923170536,0.2881189172285018,0.3284997038250597,0.4090545443786403,0.2504578539294222,0.2230356766466933,0.2446572806690661,0.3414118164739762,0.07569741837526914,0.12299909309410735,0.21481064227401456,0.2762173424376763,0.0008189366357740766,0.0,-0.026818964231320994,0.1529120524558135],[0.14265634908988648,0.3522799155000944,0.36589084731542554,0.40465144632808564,0.4818840636430734,0.3217039721507771,0.29383404568428356,0.32222913972753997,0.4148907412299959,0.1843092633781928,0.21139204359011368,0.28004862512587253,0.34375938960815755,0.1312311222832773,-0.026818964231320994,0.0,-0.022569391076806024],[0.22268284159786356,0.4382289275321145,0.44300434580734305,0.47623324948232887,0.5553542171502572,0.4145172390769313,0.38614767226806246,0.4115627025254869,0.5014961931054013,0.251543803490407,0.27094043741879587,0.3369658038028929,0.4047417456882835,0.21231648590349012,0.1529120524558135,-0.022569391076806024,0.0]],maximums:[[0.0,-0.0789380017657726,-0.007051310437556817,0.17797069317977599,0.347138125028522,-0.08382182249911317,-0.007522672470496792,0.1810672297369635,0.3472639304177387,0.016940125042200105,0.01727716715245463,0.2644218570369947,0.45201654639847366,0.016940125042200105,0.017213135643590963,0.2645648460944535,0.45295426435264985],[-0.0789380017657726,0.0,0.0011870939673574883,0.15761425092815318,0.34146875307436575,0.019203051790217404,0.0954381747980651,0.27310588480322245,0.44298158456563763,0.2687220699369908,0.26961145443952456,0.5175011665672393,0.7057738994163103,0.27368197492887036,0.2893044291038541,0.5370822386114187,0.7182607826384415],[-0.007051310437556817,0.0011870939673574883,0.0,-0.026649978607932535,0.18732886856431144,0.09405405102002294,0.17027595261211412,0.3418335611904143,0.4967600644824239,0.29262806862965524,0.2964316962909199,0.5439413349572503,0.7251453300422976,0.310765874165663,0.3372867889736849,0.5762062716231873,0.7426784069244188],[0.17797069317977599,0.15761425092815318,-0.026649978607932535,0.0,-0.022569387205028903,0.26396885048998,0.3402073748097831,0.5085549664914061,0.6547257134574774,0.5373583057375929,0.5352439842466128,0.7666787905998111,0.9576595001582535,0.5544922060483096,0.5733900217094544,0.8007028347790229,0.9538174135348273],[0.347138125028522,0.34146875307436575,0.18732886856431144,-0.022569387205028903,0.0,0.42807365864424424,0.503933618779943,0.6685996370946888,0.7940782883763554,0.7269412104291546,0.7289010563589233,0.923914874757523,1.1183915151459984,0.7371131310942255,0.7523233901518814,0.9738310974469229,1.1168256856328365],[-0.08382182249911317,0.019203051790217404,0.09405405102002294,0.26396885048998,0.42807365864424424,0.0,0.000921264034568316,0.16593754407368727,0.3439412615733781,0.2747902721172561,0.2897100241792091,0.5369894489154947,0.7180192939019042,0.2687220699369908,0.2695813717365599,0.517366778149222,0.7063842463724168],[-0.007522672470496792,0.0954381747980651,0.17027595261211412,0.3402073748097831,0.503933618779943,0.000921264034568316,0.0,-0.026650002336793953,0.18732760291455058,0.3133984105558566,0.3370477395333319,0.5779616356067456,0.7547134259343096,0.29270013201716016,0.2967228148271303,0.5417308011766808,0.7244748271706913],[0.1810672297369635,0.27310588480322245,0.3418335611904143,0.5085549664914061,0.6685996370946888,0.16593754407368727,-0.026650002336793953,0.0,-0.022569391076805428,0.5587543834985075,0.5756793744484437,0.8119935126652982,0.9713136885124634,0.5401573856230877,0.5425589518928146,0.7658259577982391,0.9559096397283007],[0.3472639304177387,0.44298158456563763,0.4967600644824239,0.6547257134574774,0.7940782883763554,0.3439412615733781,0.18732760291455058,-0.022569391076805428,0.0,0.7403011583121972,0.7521210242542629,0.9817693926415878,1.101449312667953,0.7270104350822333,0.722624948839307,0.9422510005232463,1.092915996013466],[0.016940125042200105,0.2687220699369908,0.29262806862965524,0.5373583057375929,0.7269412104291546,0.2747902721172561,0.3133984105558566,0.5587543834985075,0.7403011583121972,0.0,0.0011870939791900786,0.1576254477819156,0.3418042162086131,0.01908088519572963,0.09530601163477884,0.2713830731450416,0.4328086836116441],[0.01727716715245463,0.26961145443952456,0.2964316962909199,0.5352439842466128,0.7289010563589233,0.2897100241792091,0.3370477395333319,0.5756793744484437,0.7521210242542629,0.0011870939791900786,0.0,-0.026650025983341225,0.18732888912676463,0.09372048941782944,0.16994216224543252,0.3312734184882512,0.5084501482123454],[0.2644218570369947,0.5175011665672393,0.5439413349572503,0.7666787905998111,0.923914874757523,0.5369894489154947,0.5779616356067456,0.8119935126652982,0.9817693926415878,0.1576254477819156,-0.026650025983341225,0.0,-0.022569387205028844,0.2618012250965255,0.3377927044003562,0.49479854764097875,0.648602463535418],[0.45201654639847366,0.7057738994163103,0.7251453300422976,0.9576595001582535,1.1183915151459984,0.7180192939019042,0.7547134259343096,0.9713136885124634,1.101449312667953,0.3418042162086131,0.18732888912676463,-0.022569387205028844,0.0,0.42550629763262593,0.5008557650949502,0.6624448259242925,0.7676356508153689],[0.016940125042200105,0.27368197492887036,0.310765874165663,0.5544922060483096,0.7371131310942255,0.2687220699369908,0.29270013201716016,0.5401573856230877,0.7270104350822333,0.01908088519572963,0.09372048941782944,0.2618012250965255,0.42550629763262593,0.0,0.0009213046713149024,0.16618603411152857,0.3447617250465712],[0.017213135643590963,0.2893044291038541,0.3372867889736849,0.5733900217094544,0.7523233901518814,0.2695813717365599,0.2967228148271303,0.5425589518928146,0.722624948839307,0.09530601163477884,0.16994216224543252,0.3377927044003562,0.5008557650949502,0.0009213046713149024,0.0,-0.02664995816327122,0.18732759713777586],[0.2645648460944535,0.5370822386114187,0.5762062716231873,0.8007028347790229,0.9738310974469229,0.517366778149222,0.5417308011766808,0.7658259577982391,0.9422510005232463,0.2713830731450416,0.3312734184882512,0.49479854764097875,0.6624448259242925,0.16618603411152857,-0.02664995816327122,0.0,-0.022569391076805397],[0.45295426435264985,0.7182607826384415,0.7426784069244188,0.9538174135348273,1.1168256856328365,0.7063842463724168,0.7244748271706913,0.9559096397283007,1.092915996013466,0.4328086836116441,0.5084501482123454,0.648602463535418,0.7676356508153689,0.3447617250465712,0.18732759713777586,-0.022569391076805397,0.0]],minimums:[[0.0,-0.08503471004750408,-0.04200007767258598,-0.009466424913737287,-0.005514258830881615,-0.094959036810825,-0.0424248284106286,-0.009944303971699127,-0.005663933470443119,0.01694012504220002,-0.02040886946061886,-0.0018645805119385122,-0.0033237779960277004,0.01694012504220005,-0.020668816865435174,-0.0032690340547078213,-0.005878771077364909],[-0.08503471004750408,0.0,0.0011870825588702824,0.04611476048137552,0.04766942241818244,-0.014717448043308105,0.039733853512627,0.0820092197906434,0.08337685799090505,0.2687220699369906,0.11354500704796713,0.07189047621250576,0.06881363367619973,0.27029310804883067,0.14521795005599564,0.12396296225819375,0.12175249298408411],[-0.04200007767258598,0.0011870825588702824,0.0,-0.02814112779999232,0.030441772155727072,0.032635650281148634,-0.04967030257278472,-0.03823816685883749,-0.037510621344216816,0.12044142770673273,-0.03800513429476743,-0.024990010832720944,-0.028720551458898656,0.15279708231729616,0.06463887029565214,0.04930279895643219,0.09060054285350377],[-0.009466424913737287,0.04611476048137552,-0.02814112779999232,0.0,-0.0225693872050296,0.07411301616305628,-0.04189680786964031,-0.027514940696643272,-0.002260587107254619,0.01880700579212789,-0.05048844333960652,-0.038665270499373246,-0.02830623367829479,0.07845734574430363,0.032864649440322476,-0.022622392291486312,0.02170447891989195],[-0.005514258830881615,0.04766942241818244,0.030441772155727072,-0.0225693872050296,0.0,0.07644891504932953,-0.020947535306149713,-0.01815265736099253,0.009030920036784164,0.017039553361048367,-0.05110845035351018,-0.03529068652869129,0.006039449695640083,0.0766712899887885,0.03886428216993284,-0.024409617720056734,0.020447416357955384],[-0.094959036810825,-0.014717448043308105,0.032635650281148634,0.07411301616305628,0.07644891504932953,0.0,0.0006876428895089163,0.0454952848574787,0.04774314628848817,0.2738169186926509,0.14368433584506837,0.10465373375918466,0.10176533668179741,0.2687220699369906,0.1133786816319701,0.07558703308694718,0.07227230537227244],[-0.0424248284106286,0.039733853512627,-0.04967030257278472,-0.04189680786964031,-0.020947535306149713,0.0006876428895089163,0.0,-0.028146153736847448,0.030267295720505093,0.16178944774068732,0.04799737319393335,0.013535247308379288,0.021085737059136845,0.12681496464914943,-0.024179285653388997,-0.027506935226328206,-0.01809969917390253],[-0.009944303971699127,0.0820092197906434,-0.03823816685883749,-0.027514940696643272,-0.01815265736099253,0.0454952848574787,-0.028146153736847448,0.0,-0.022569391076806007,0.07782112922504147,-0.0311552812163482,-0.026313574881432586,0.008777506627989342,0.02679297710167319,-0.04787571705499054,-0.03873934869420785,-0.03742067977264876],[-0.005663933470443119,0.08337685799090505,-0.037510621344216816,-0.002260587107254619,0.009030920036784164,0.04774314628848817,0.030267295720505093,-0.022569391076806007,0.0,0.07598448452980758,-0.025237114783150848,-0.026360457927313053,0.029480632938170097,0.026365604965165233,-0.04509050915838931,-0.03818421771016685,-0.017981225032473014],[0.01694012504220002,0.2687220699369906,0.12044142770673273,0.01880700579212789,0.017039553361048367,0.2738169186926509,0.16178944774068732,0.07782112922504147,0.07598448452980758,0.0,0.0011870825588702824,0.045766644524512345,0.04706027125820073,-0.014956998786302767,0.04083732814928476,0.08124814441635067,0.09117405034869042],[-0.02040886946061886,0.11354500704796713,-0.03800513429476743,-0.05048844333960652,-0.05110845035351018,0.14368433584506837,0.04799737319393335,-0.0311552812163482,-0.025237114783150848,0.0011870825588702824,0.0,-0.02815317043832988,0.03011565260091234,0.03116945845075386,-0.05573341036766087,-0.025853720184321183,-0.024300739619564353],[-0.0018645805119385122,0.07189047621250576,-0.024990010832720944,-0.038665270499373246,-0.03529068652869129,0.10465373375918466,0.013535247308379288,-0.026313574881432586,-0.026360457927313053,0.045766644524512345,-0.02815317043832988,0.0,-0.022569387205029504,0.07132400711123213,-0.028783548188435305,-0.03474747373244451,-0.012564990514795767],[-0.0033237779960277004,0.06881363367619973,-0.028720551458898656,-0.02830623367829479,0.006039449695640083,0.10176533668179741,0.021085737059136845,0.008777506627989342,0.029480632938170097,0.04706027125820073,0.03011565260091234,-0.022569387205029504,0.0,0.07172315686738831,0.010566019745311718,-0.0082238422761164,0.04884278365251495],[0.01694012504220005,0.27029310804883067,0.15279708231729616,0.07845734574430363,0.0766712899887885,0.2687220699369906,0.12681496464914943,0.02679297710167319,0.026365604965165233,-0.014956998786302767,0.03116945845075386,0.07132400711123213,0.07172315686738831,0.0,0.0006775885500499274,0.045130917934469654,0.04513906878815993],[-0.020668816865435174,0.14521795005599564,0.06463887029565214,0.032864649440322476,0.03886428216993284,0.1133786816319701,-0.024179285653388997,-0.04787571705499054,-0.04509050915838931,0.04083732814928476,-0.05573341036766087,-0.028783548188435305,0.010566019745311718,0.0006775885500499274,0.0,-0.02815203381821318,0.030107978017667413],[-0.0032690340547078213,0.12396296225819375,0.04930279895643219,-0.022622392291486312,-0.024409617720056734,0.07558703308694718,-0.027506935226328206,-0.03873934869420785,-0.03818421771016685,0.08124814441635067,-0.025853720184321183,-0.03474747373244451,-0.0082238422761164,0.045130917934469654,-0.02815203381821318,0.0,-0.02256939107680601],[-0.005878771077364909,0.12175249298408411,0.09060054285350377,0.02170447891989195,0.020447416357955384,0.07227230537227244,-0.01809969917390253,-0.03742067977264876,-0.017981225032473014,0.09117405034869042,-0.024300739619564353,-0.012564990514795767,0.04884278365251495,0.04513906878815993,0.030107978017667413,-0.02256939107680601,0.0]]),full_obbs:(averages:[[0.0,-0.10532925764826236,-0.045865653436304575,0.03274438564427116,0.09753311972085231,-0.10567798743318835,-0.047210134070485146,0.03162155890029838,0.09621647083143416,0.01694012504220037,-0.004943198539677411,0.11392427750916438,0.19855011989629445,0.016940125042200372,-0.003945719160849674,0.11388864379448485,0.1951064603542995],[-0.10532925764826236,0.0,0.0011870825588703169,0.09455061195343566,0.17699158651300176,-0.00687872542215703,0.0618259104961033,0.1495132152590909,0.22081471972382452,0.2687220699369862,0.22747755790413285,0.30080630371712797,0.4023983044520199,0.26874239860482585,0.24513617178213984,0.32575927655389636,0.4172424537459345],[-0.045865653436304575,0.0011870825588703169,0.0,-0.03537990525364876,0.12068436485520063,0.06311034291472752,0.10615659365816596,0.18473153581131097,0.24850510254790675,0.21932644295152512,0.18768115684397704,0.26463258906054454,0.36473897163203084,0.23686171912857465,0.24754790304547186,0.3310881073823335,0.41399997889165085],[0.03274438564427116,0.09455061195343566,-0.03537990525364876,0.0,-0.03453990396857225,0.15092111464667973,0.18639493187305034,0.26040749850451994,0.32237283870117106,0.2537565329604113,0.2242969417889419,0.3043615425082145,0.40040455957575205,0.2867301653105749,0.3066541830553955,0.3859380871430512,0.4614608444426801],[0.09753311972085231,0.17699158651300176,0.12068436485520063,-0.03453990396857225,0.0,0.21999451673546833,0.249687836814062,0.32678503962300304,0.391990882857137,0.3596368458195789,0.3296544257708321,0.40485542784231715,0.49931511705112297,0.3859263943671253,0.3962978570324294,0.4715930196671503,0.5489895578143682],[-0.10567798743318835,-0.00687872542215703,0.06311034291472752,0.15092111464667973,0.21999451673546833,0.0,0.0006200784742832246,0.09484784217585546,0.17933611267286723,0.26874255512898226,0.2430012233068125,0.3282971638145526,0.4237078238796789,0.2687220699369862,0.22995859861567003,0.2992330550712367,0.3960700179483942],[-0.047210134070485146,0.0618259104961033,0.10615659365816596,0.18639493187305034,0.249687836814062,0.0006200784742832246,0.0,-0.03537997603416443,0.12263536744842521,0.2344493729261235,0.24467756750752956,0.3350234566494931,0.41999049003315175,0.2168797474596369,0.18650749671032196,0.26238052822159114,0.3572640152609384],[0.03162155890029838,0.1495132152590909,0.18473153581131097,0.26040749850451994,0.32678503962300304,0.09484784217585546,-0.03537997603416443,0.0,-0.03453990396857225,0.27826326199282236,0.29811171613395715,0.38294384061939896,0.46058981570059954,0.2451910711076451,0.2181696452494421,0.29840688445910085,0.38790716871694453],[0.09621647083143416,0.22081471972382452,0.24850510254790675,0.32237283870117106,0.391990882857137,0.17933611267286723,0.12263536744842521,-0.03453990396857225,0.0,0.3747904523287708,0.38570623742310506,0.4670031357089765,0.5473068490945177,0.3482276026953599,0.3198777106590643,0.3961688669880988,0.4830577056208805],[0.01694012504220037,0.2687220699369862,0.21932644295152512,0.2537565329604113,0.3596368458195789,0.26874255512898226,0.2344493729261235,0.27826326199282236,0.3747904523287708,0.0,0.001187082558870316,0.09329338784391644,0.17485894923771314,-0.006439369348350294,0.062197809739551774,0.15003787783806885,0.21725477725356795],[-0.004943198539677411,0.22747755790413285,0.18768115684397704,0.2242969417889419,0.3296544257708321,0.2430012233068125,0.24467756750752956,0.29811171613395715,0.38570623742310506,0.001187082558870316,0.0,-0.03537990525364876,0.11991190653132693,0.06372257957086601,0.10572521814187633,0.1847946605098847,0.24478015112595303],[0.11392427750916438,0.30080630371712797,0.26463258906054454,0.3043615425082145,0.40485542784231715,0.3282971638145526,0.3350234566494931,0.38294384061939896,0.4670031357089765,0.09329338784391644,-0.03537990525364876,0.0,-0.03453990396857225,0.150608774716382,0.18400071340509314,0.2542845086994175,0.31559287751200743],[0.19855011989629445,0.4023983044520199,0.36473897163203084,0.40040455957575205,0.49931511705112297,0.4237078238796789,0.41999049003315175,0.46058981570059954,0.5473068490945177,0.17485894923771314,0.11991190653132693,-0.03453990396857225,0.0,0.21803312500043556,0.24560674767951893,0.3176430834745783,0.38250389812204116],[0.016940125042200372,0.26874239860482585,0.23686171912857465,0.2867301653105749,0.3859263943671253,0.2687220699369862,0.2168797474596369,0.2451910711076451,0.3482276026953599,-0.006439369348350294,0.06372257957086601,0.150608774716382,0.21803312500043556,0.0,0.0006200784742832244,0.09346270502475615,0.17478818673758795],[-0.003945719160849674,0.24513617178213984,0.24754790304547186,0.3066541830553955,0.3962978570324294,0.22995859861567003,0.18650749671032196,0.2181696452494421,0.3198777106590643,0.062197809739551774,0.10572521814187633,0.18400071340509314,0.24560674767951893,0.0006200784742832244,0.0,-0.03537997603416443,0.1207456921345542],[0.11388864379448485,0.32575927655389636,0.3310881073823335,0.3859380871430512,0.4715930196671503,0.2992330550712367,0.26238052822159114,0.29840688445910085,0.3961688669880988,0.15003787783806885,0.1847946605098847,0.2542845086994175,0.3176430834745783,0.09346270502475615,-0.03537997603416443,0.0,-0.034539903968572254],[0.1951064603542995,0.4172424537459345,0.41399997889165085,0.4614608444426801,0.5489895578143682,0.3960700179483942,0.3572640152609384,0.38790716871694453,0.4830577056208805,0.21725477725356795,0.24478015112595303,0.31559287751200743,0.38250389812204116,0.17478818673758795,0.1207456921345542,-0.034539903968572254,0.0]],maximums:[[0.0,-0.0883709220729155,-0.011592499187296417,0.1424355644155746,0.29331617754323586,-0.08828159684371051,-0.012070376987748519,0.14105352851576666,0.2853657748807962,0.01694012504220016,0.016713498458683557,0.24679470822673982,0.4354251154815228,0.01694012504220016,0.016915011013657708,0.24713692712277327,0.43143671591874405],[-0.0883709220729155,0.0,0.0011870825588703726,0.13769230995573678,0.32312659659138393,0.016144446076754363,0.09236545410931474,0.23790404390214154,0.38604287757937283,0.2687220699369909,0.26862289396477573,0.4991590095216892,0.6873530196297327,0.2692756906860975,0.28388950524111933,0.5115769764618726,0.6975352111746219],[-0.011592499187296417,0.0011870825588703726,0.0,-0.035379905253648626,0.15540446096677407,0.09290997761345117,0.16913098564601153,0.31469205601928907,0.46131147774935316,0.2898949012574354,0.29090211466832216,0.5154362058362989,0.7008834741307669,0.3038020626989867,0.3320111495122874,0.5481150078612282,0.7273199996061095],[0.1424355644155746,0.13769230995573678,-0.035379905253648626,0.0,-0.034539903968572414,0.2395923078708102,0.3144365301241636,0.4572426181060667,0.6066972564563647,0.519450512295549,0.5149991738756478,0.7381596063981454,0.9273420508100112,0.5330287275407843,0.5495583989982112,0.7831541985808371,0.9318551182422802],[0.29331617754323586,0.32312659659138393,0.15540446096677407,-0.034539903968572414,0.0,0.40345827380099397,0.4713178541585606,0.6114731491399417,0.7481118303444247,0.7087837885033681,0.6892826625448447,0.9140499983324408,1.069901377295949,0.7190760039563695,0.7283607219600277,0.9583381560555981,1.119382085833729],[-0.08828159684371051,0.016144446076754363,0.09290997761345117,0.2395923078708102,0.40345827380099397,0.0,0.0006200784742832685,0.13693047622494234,0.32111255953214224,0.2692613099393674,0.2836966875943781,0.5118473685773636,0.6958932342723111,0.26872206993699077,0.2687707666394494,0.49809001458915486,0.6835448629930111],[-0.012070376987748519,0.09236545410931474,0.16913098564601153,0.3144365301241636,0.4713178541585606,0.0006200784742832685,0.0,-0.03537997603416434,0.155410343893288,0.30251709133908555,0.3310899238074637,0.5557383721913234,0.7307947451685057,0.2899388042643241,0.29329959547202206,0.5149857098938798,0.6938226382280819],[0.14105352851576666,0.23790404390214154,0.31469205601928907,0.4572426181060667,0.6114731491399417,0.13693047622494234,-0.03537997603416434,0.0,-0.0345399039685724,0.535193316315951,0.5554039779224724,0.7720206638836979,0.9151882491104976,0.5185653954009769,0.5124639359594894,0.7379834836218587,0.8856764473504012],[0.2853657748807962,0.38604287757937283,0.46131147774935316,0.6066972564563647,0.7481118303444247,0.32111255953214224,0.155410343893288,-0.0345399039685724,0.0,0.715925316994119,0.7346144799969063,0.9565563262262903,1.1003508457030362,0.7059907764814611,0.6983570317869389,0.9246895241397848,1.07362952926278],[0.01694012504220016,0.2687220699369909,0.2898949012574354,0.519450512295549,0.7087837885033681,0.2692613099393674,0.30251709133908555,0.535193316315951,0.715925316994119,0.0,0.0011870825588703726,0.13654590691323384,0.32327589880430607,0.017195017329197086,0.09341552013777654,0.2394682142600998,0.4097554528707465],[0.016713498458683557,0.26862289396477573,0.29090211466832216,0.5149991738756478,0.6892826625448447,0.2836966875943781,0.3310899238074637,0.5554039779224724,0.7346144799969063,0.0011870825588703726,0.0,-0.035379905253648626,0.1554081806259061,0.09398302944634451,0.1702052073450203,0.31625622637724726,0.48197420300300775],[0.24679470822673982,0.4991590095216892,0.5154362058362989,0.7381596063981454,0.9140499983324408,0.5118473685773636,0.5557383721913234,0.7720206638836979,0.9565563262262903,0.13654590691323384,-0.035379905253648626,0.0,-0.0345399039685724,0.24233295844106628,0.3185539664736266,0.4496981664314653,0.6022534715214765],[0.4354251154815228,0.6873530196297327,0.7008834741307669,0.9273420508100112,1.069901377295949,0.6958932342723111,0.7307947451685057,0.9151882491104976,1.1003508457030362,0.32327589880430607,0.1554081806259061,-0.0345399039685724,0.0,0.4028272042132356,0.4717954268296838,0.6151639984238403,0.7698428124241132],[0.01694012504220016,0.2692756906860975,0.3038020626989867,0.5330287275407843,0.7190760039563695,0.26872206993699077,0.2899388042643241,0.5185653954009769,0.7059907764814611,0.017195017329197086,0.09398302944634451,0.24233295844106628,0.4028272042132356,0.0,0.0006200784742832824,0.13716085008751305,0.3225561008760855],[0.016915011013657708,0.28388950524111933,0.3320111495122874,0.5495583989982112,0.7283607219600277,0.2687707666394494,0.29329959547202206,0.5124639359594894,0.6983570317869389,0.09341552013777654,0.1702052073450203,0.3185539664736266,0.4717954268296838,0.0006200784742832824,0.0,-0.03537997603416431,0.15542519867683074],[0.24713692712277327,0.5115769764618726,0.5481150078612282,0.7831541985808371,0.9583381560555981,0.49809001458915486,0.5149857098938798,0.7379834836218587,0.9246895241397848,0.2394682142600998,0.31625622637724726,0.4496981664314653,0.6151639984238403,0.13716085008751305,-0.03537997603416431,0.0,-0.0345399039685724],[0.43143671591874405,0.6975352111746219,0.7273199996061095,0.9318551182422802,1.119382085833729,0.6835448629930111,0.6938226382280819,0.8856764473504012,1.07362952926278,0.4097554528707465,0.48197420300300775,0.6022534715214765,0.7698428124241132,0.3225561008760855,0.15542519867683074,-0.0345399039685724,0.0]],minimums:[[0.0,-0.11264647154249949,-0.07029170272717615,-0.032203057047568734,-0.031706284990294556,-0.11274787489914612,-0.07051552981477843,-0.03234913480600577,-0.032822748228502355,0.01694012504220005,-0.06287526274915901,-0.03145537869912572,-0.03206270359661053,0.01694012504220005,-0.06350457359531803,-0.02904497767611102,-0.02667102650585783],[-0.11264647154249949,0.0,0.0011870825588702755,0.03922412562370289,0.038207063630223234,-0.025347954668381294,0.024383098662230394,0.06699480518594564,0.06987810499910907,0.2687220699369906,0.08473687276188108,0.049432025914968425,0.045247266541306334,0.26872206993699066,0.10232475677224837,0.07263360825887791,0.07428835052338237],[-0.07029170272717615,0.0011870825588702755,0.0,-0.03537990525364891,0.015960356660955993,0.024988475884314403,-0.1160455051641427,-0.08207759064317802,-0.03737961611682687,0.10587619583981939,-0.07177932525028868,-0.05829532125205017,-0.04077996246790633,0.11774891994687914,0.009278261983805141,-0.008307124429240444,0.018469856162081015],[-0.032203057047568734,0.03922412562370289,-0.03537990525364891,0.0,-0.03453990396857287,0.06899474004317047,-0.06731220223000374,-0.059841049982049574,-0.037527995813225794,0.015003065582825312,-0.08129679280498606,-0.04872771387732501,-0.024937667119710176,0.06672665673152327,-0.016334975373599847,-0.029869505107122923,0.012036514943809543],[-0.031706284990294556,0.038207063630223234,0.015960356660955993,-0.03453990396857287,0.0,0.06949408690898691,-0.024894064690519246,-0.04448730776944369,0.01605588178039646,0.014005219361802629,-0.058256185848320166,-0.027883283038734497,-0.00043167043780751094,0.06640535051063305,-0.017352037367079576,-0.024935956574161845,0.00835352187019784],[-0.11274787489914612,-0.025347954668381294,0.024988475884314403,0.06899474004317047,0.06949408690898691,0.0,0.0006200784742831575,0.038657043308019584,0.03758502769470213,0.26872206993699066,0.09647973831051658,0.08085517415098604,0.07945692257448103,0.26872206993699066,0.08473907434995548,0.04326111157625567,0.03923394764553588],[-0.07051552981477843,0.024383098662230394,-0.1160455051641427,-0.06731220223000374,-0.024894064690519246,0.0006200784742831575,0.0,-0.03537997603416458,0.016251321393547145,0.11507025140660745,-0.010980179561458692,0.01900637200013387,0.02850687944797115,0.10588088891574426,-0.054084723945358355,-0.060731326981253816,-0.04100345253473715],[-0.03234913480600577,0.06699480518594564,-0.08207759064317802,-0.059841049982049574,-0.04448730776944369,0.038657043308019584,-0.03537997603416458,0.0,-0.034539903968572844,0.06476818309527876,-0.05284855082746093,-0.03856096084096949,-0.00778183836429453,0.014492056217331253,-0.0644659619751543,-0.047681544935749956,-0.04524541638320883],[-0.032822748228502355,0.06987810499910907,-0.03737961611682687,-0.037527995813225794,0.01605588178039646,0.03758502769470213,0.016251321393547145,-0.034539903968572844,0.0,0.06646746877169946,-0.049161144584951036,-0.018351073406534118,-0.012068272541388524,0.013420040604013764,-0.05736387731350041,-0.031456767992165756,-0.027345621341921856],[0.01694012504220005,0.2687220699369906,0.10587619583981939,0.015003065582825312,0.014005219361802629,0.26872206993699066,0.11507025140660745,0.06476818309527876,0.06646746877169946,0.0,0.0011870825588702685,0.03922412562370295,0.03820706363022319,-0.02538857647445516,0.024197523036148885,0.06367218711068323,0.0626001714973657],[-0.06287526274915901,0.08473687276188108,-0.07177932525028868,-0.08129679280498606,-0.058256185848320166,0.09647973831051658,-0.010980179561458692,-0.05284855082746093,-0.049161144584951036,0.0011870825588702685,0.0,-0.035379905253648876,0.016098076506222518,0.02362463946910283,-0.10650735357675768,-0.07615795166751979,-0.056994261148609726],[-0.03145537869912572,0.049432025914968425,-0.05829532125205017,-0.04872771387732501,-0.027883283038734497,0.08085517415098604,0.01900637200013387,-0.03856096084096949,-0.018351073406534118,0.03922412562370295,-0.035379905253648876,0.0,-0.034539903968572844,0.06654825771366968,-0.06184792935258546,-0.06193674373793642,-0.03193004669018725],[-0.03206270359661053,0.045247266541306334,-0.04077996246790633,-0.024937667119710176,-0.00043167043780751094,0.07945692257448103,0.02850687944797115,-0.00778183836429453,-0.012068272541388524,0.03820706363022319,0.016098076506222518,-0.034539903968572844,0.0,0.06501803765283794,-0.04030144244758259,-0.01326268859720731,0.005031084301168734],[0.01694012504220005,0.26872206993699066,0.11774891994687914,0.06672665673152327,0.06640535051063305,0.26872206993699066,0.10588088891574426,0.014492056217331253,0.013420040604013764,-0.02538857647445516,0.02362463946910283,0.06654825771366968,0.06501803765283794,0.0,0.0006200784742831644,0.03865704330801957,0.0375850276947021],[-0.06350457359531803,0.10232475677224837,0.009278261983805141,-0.016334975373599847,-0.017352037367079576,0.08473907434995548,-0.054084723945358355,-0.0644659619751543,-0.05736387731350041,0.024197523036148885,-0.10650735357675768,-0.06184792935258546,-0.04030144244758259,0.0006200784742831644,0.0,-0.035379976034164616,0.016656262824121748],[-0.02904497767611102,0.07263360825887791,-0.008307124429240444,-0.029869505107122923,-0.024935956574161845,0.04326111157625567,-0.060731326981253816,-0.047681544935749956,-0.031456767992165756,0.06367218711068323,-0.07615795166751979,-0.06193674373793642,-0.01326268859720731,0.03865704330801957,-0.035379976034164616,0.0,-0.034539903968572816],[-0.02667102650585783,0.07428835052338237,0.018469856162081015,0.012036514943809543,0.00835352187019784,0.03923394764553588,-0.04100345253473715,-0.04524541638320883,-0.027345621341921856,0.0626001714973657,-0.056994261148609726,-0.03193004669018725,0.005031084301168734,0.0375850276947021,0.016656262824121748,-0.034539903968572816,0.0]]),full_bounding_spheres:(averages:[[0.0,-0.3099758410019501,-0.36798976421104024,-0.21748477102802038,-0.012633967222144455,-0.29719523637504613,-0.36105635514539586,-0.21416516571580096,-0.010158153028312723,-0.019955310348705523,-0.12666189918137244,-0.035046324349186954,0.15175129663478026,-0.01751983645564831,-0.12395262106435515,-0.03188116506231645,0.15428118547258698],[-0.3099758410019501,0.0,-0.18087969064163284,-0.01283651866799203,0.19244614929017467,-0.05189734719944557,-0.11083367324214329,0.026486307275186007,0.22703506424013908,0.2417312104769214,0.12809407222155988,0.21272791273071154,0.3970070023659443,0.2527547743353285,0.14967782665204735,0.2357146181390072,0.4191190184083194],[-0.36798976421104024,-0.18087969064163284,0.0,-0.17823285373085174,0.03747640045740871,-0.10163567434248609,-0.166145232023832,-0.04947923188522771,0.1475036407413886,0.1311261194510532,0.007866541773594034,0.08903578775062923,0.2729081815873236,0.15558881998867774,0.05894738778407853,0.14323508487675682,0.3258532489339519],[-0.21748477102802038,-0.01283651866799203,-0.17823285373085174,0.0,-0.15490359456805725,0.02992412264054743,-0.054069004012233336,0.020817187442318818,0.21027189999100063,0.1715132568040889,0.04420787669641228,0.12188101604829221,0.30609431041719887,0.2006403077024967,0.10564521750905236,0.1817248571858544,0.3627158306898136],[-0.012633967222144455,0.19244614929017467,0.03747640045740871,-0.15490359456805725,0.0,0.22984886285735012,0.1422733928490776,0.20855807710552368,0.39554462671217877,0.3625932805380404,0.23534788673132925,0.3106642510556014,0.4946405200839473,0.3910075006022111,0.295096456941885,0.36790492367503247,0.5482830752289396],[-0.29719523637504613,-0.05189734719944557,-0.10163567434248609,0.02992412264054743,0.22984886285735012,0.0,-0.19234135096647545,-0.018943399159926596,0.18687926075757072,0.2527586335284393,0.15297672103709722,0.23896588709993039,0.42319731126883114,0.24173123707381064,0.12719757423201147,0.21154571851266463,0.39511323611401067],[-0.36105635514539586,-0.11083367324214329,-0.166145232023832,-0.054069004012233336,0.1422733928490776,-0.19234135096647545,0.0,-0.17893166037296818,0.036692464685966576,0.1535892696374388,0.060237797197634994,0.14490445844060243,0.32873093565462236,0.13113099402322298,0.009896961311649594,0.09052923409477091,0.27370498087497086],[-0.21416516571580096,0.026486307275186007,-0.04947923188522771,0.020817187442318818,0.20855807710552368,-0.018943399159926596,-0.17893166037296818,0.0,-0.15490268316937347,0.1966690698993523,0.10758322808396417,0.1889920353356098,0.37263657047173826,0.16704336006820414,0.04249416127031862,0.1220167565713975,0.30648692567175495],[-0.010158153028312723,0.22703506424013908,0.1475036407413886,0.21027189999100063,0.39554462671217877,0.18687926075757072,0.036692464685966576,-0.15490268316937347,0.0,0.3843298825137877,0.2946728135276111,0.37334330665164245,0.556593283635184,0.3547953736096378,0.23015291212791783,0.30858222539008745,0.49331587823086503],[-0.019955310348705523,0.2417312104769214,0.1311261194510532,0.1715132568040889,0.3625932805380404,0.2527586335284393,0.1535892696374388,0.1966690698993523,0.3843298825137877,0.0,-0.18071282519747797,-0.014540622880144473,0.19020572101563074,-0.052007300368349496,-0.11150977653390129,0.025178641474440076,0.22597017248401538],[-0.12666189918137244,0.12809407222155988,0.007866541773594034,0.04420787669641228,0.23534788673132925,0.15297672103709722,0.060237797197634994,0.10758322808396417,0.2946728135276111,-0.18071282519747797,0.0,-0.17893007697303948,0.036695340684586526,-0.10109189548405438,-0.16663367648780933,-0.05275493678540586,0.14429486569146627],[-0.035046324349186954,0.21272791273071154,0.08903578775062923,0.12188101604829221,0.3106642510556014,0.23896588709993039,0.14490445844060243,0.1889920353356098,0.37334330665164245,-0.014540622880144473,-0.17893007697303948,0.0,-0.15490359456805725,0.030030501339058928,-0.053982386993479514,0.01745783424500573,0.20632999605272875],[0.15175129663478026,0.3970070023659443,0.2729081815873236,0.30609431041719887,0.4946405200839473,0.42319731126883114,0.32873093565462236,0.37263657047173826,0.556593283635184,0.19020572101563074,0.036695340684586526,-0.15490359456805725,0.0,0.22995965967904447,0.14287148219125942,0.20581354572431823,0.39214689579558965],[-0.01751983645564831,0.2527547743353285,0.15558881998867774,0.2006403077024967,0.3910075006022111,0.24173123707381064,0.13113099402322298,0.16704336006820414,0.3547953736096378,-0.052007300368349496,-0.10109189548405438,0.030030501339058928,0.22995965967904447,0.0,-0.19248459072443433,-0.01847756723421004,0.18748339728648827],[-0.12395262106435515,0.14967782665204735,0.05894738778407853,0.10564521750905236,0.295096456941885,0.12719757423201147,0.009896961311649594,0.04249416127031862,0.23015291212791783,-0.11150977653390129,-0.16663367648780933,-0.053982386993479514,0.14287148219125942,-0.19248459072443433,0.0,-0.17730291610674428,0.03853677687111985],[-0.03188116506231645,0.2357146181390072,0.14323508487675682,0.1817248571858544,0.36790492367503247,0.21154571851266463,0.09052923409477091,0.1220167565713975,0.30858222539008745,0.025178641474440076,-0.05275493678540586,0.01745783424500573,0.20581354572431823,-0.01847756723421004,-0.17730291610674428,0.0,-0.15490268316937347],[0.15428118547258698,0.4191190184083194,0.3258532489339519,0.3627158306898136,0.5482830752289396,0.39511323611401067,0.27370498087497086,0.30648692567175495,0.49331587823086503,0.22597017248401538,0.14429486569146627,0.20632999605272875,0.39214689579558965,0.18748339728648827,0.03853677687111985,-0.15490268316937347,0.0]],maximums:[[0.0,-0.30587508037023214,-0.3429272495600788,-0.07239462737015201,0.15386727776379622,-0.2958852651349142,-0.337947185947599,-0.0657867396711565,0.15961520521675832,-0.01921299372694424,-0.09438029733365566,0.19490922226917917,0.42077704442521846,-0.017230712731767073,-0.09265003617505363,0.19909802062056398,0.42494396265681744],[-0.30587508037023214,0.0,-0.17583937918073658,0.09912943317140088,0.3248338844451679,-0.04837622226236871,-0.09640066665203978,0.1708755309111351,0.3948293727535158,0.24184708242811684,0.1588017090369498,0.45107389623059185,0.6798871453949643,0.2536078876861927,0.18037420888318534,0.4718193029109168,0.6964536744052561],[-0.3429272495600788,-0.17583937918073658,0.0,-0.0763466007004287,0.15247005502653804,-0.08622247272201078,-0.13544378942612997,0.11962506109938953,0.34216542332264804,0.1765706170428153,0.0927636918052725,0.3571520936185398,0.5832606522254984,0.201