(full_convex_hulls:(averages:[[0.0,-0.031509957983451936,0.013855328767659068,0.06609877800334328,-0.028644809913343054,-0.031509957220056825,0.01385532706954425,0.06609877766164537,-0.028644810332629087],[-0.031509957983451936,0.0,-0.012000001284690146,0.06493564035880199,0.0005176129069334928,0.01090346947370998,0.06255314741091485,0.10726004322908687,0.016778276212710642],[0.013855328767659068,-0.012000001284690146,0.0,-0.011836993786343019,0.0069496858164796865,0.06255314741091483,0.09634152902712807,0.09659316828196964,0.0579709822018977],[0.06609877800334328,0.06493564035880199,-0.011836993786343019,0.0,-0.011834269942007498,0.10726004322908687,0.09659316828196964,0.08107551230882809,0.0711670889082391],[-0.028644809913343054,0.0005176129069334928,0.0069496858164796865,-0.011834269942007498,0.0,0.01677827621271064,0.05797098219945427,0.07116708890823908,0.013487327358739566],[-0.031509957220056825,0.01090346947370998,0.06255314741091483,0.10726004322908687,0.01677827621271064,0.0,-0.012000001284690146,0.06493564035880199,0.0005176129069334948],[0.01385532706954425,0.06255314741091485,0.09634152902712807,0.09659316828196964,0.05797098219945427,-0.012000001284690146,0.0,-0.011836993786343009,0.006949685816135993],[0.06609877766164537,0.10726004322908687,0.09659316828196964,0.08107551230882809,0.07116708890823908,0.06493564035880199,-0.011836993786343009,0.0,-0.011834269942007519],[-0.028644810332629087,0.016778276212710642,0.0579709822018977,0.0711670889082391,0.013487327358739566,0.0005176129069334948,0.006949685816135993,-0.011834269942007519,0.0]],maximums:[[0.0,-0.02972752809174655,0.013925290878435862,0.06940874026947219,-0.02856108465497692,-0.029727527700227116,0.013925290878435859,0.06940874026947216,-0.028561084877861437],[-0.02972752809174655,0.0,-0.01200000128469015,0.06498548042540117,0.0039468917015066975,0.018264813809132745,0.06662504367502922,0.112186818808703,0.02381025201532489],[0.013925290878435862,-0.01200000128469015,0.0,-0.011823672281827617,0.00717069061267532,0.06662504367502921,0.11270199002262725,0.14550296754185799,0.06351236819649379],[0.06940874026947219,0.06498548042540117,-0.011823672281827617,0.0,-0.011814529011576192,0.11218681880870301,0.14550296754185812,0.14257344515412707,0.10603428345544874],[-0.02856108465497692,0.0039468917015066975,0.00717069061267532,-0.011814529011576192,0.0,0.023810252015324905,0.06351236819649379,0.10603428345544864,0.013630479600127067],[-0.029727527700227116,0.018264813809132745,0.06662504367502921,0.11218681880870301,0.023810252015324905,0.0,-0.012000001284690183,0.06498548042540116,0.003946891701506699],[0.013925290878435859,0.06662504367502922,0.11270199002262725,0.14550296754185812,0.06351236819649379,-0.012000001284690183,0.0,-0.011823672281827588,0.007170690612675316],[0.06940874026947216,0.112186818808703,0.14550296754185799,0.14257344515412707,0.10603428345544864,0.06498548042540116,-0.011823672281827588,0.0,-0.01181452901157626],[-0.028561084877861437,0.02381025201532489,0.06351236819649379,0.10603428345544874,0.013630479600127067,0.003946891701506699,0.007170690612675316,-0.01181452901157626,0.0]],minimums:[[0.0,-0.03227176290029298,0.01376520936905531,0.0608122308533627,-0.028676345412494912,-0.0322717617320115,0.013765209369055297,0.06081223064464639,-0.028676345831988734],[-0.03227176290029298,0.0,-0.012000001284690212,0.06470469250475519,-0.004149563815059885,0.0070042114147700636,0.05974781875119011,0.09105637611571517,0.011435535893246643],[0.01376520936905531,-0.012000001284690212,0.0,-0.011860515216857912,0.0060051058829027025,0.05974781875119013,0.05041073231759475,0.03290483084641355,0.032404917819911644],[0.0608122308533627,0.06470469250475519,-0.011860515216857912,0.0,-0.011860910752909376,0.09105637611571515,0.03290483084641357,0.014458897855682648,0.014458757290690984],[-0.028676345412494912,-0.004149563815059885,0.0060051058829027025,-0.011860910752909376,0.0,0.011435535893246649,0.03240491781991165,0.014458757290690988,0.013399999773670214],[-0.0322717617320115,0.0070042114147700636,0.05974781875119013,0.09105637611571515,0.011435535893246649,0.0,-0.012000001284690205,0.06470469250475519,-0.004149563815059886],[0.013765209369055297,0.05974781875119011,0.05041073231759475,0.03290483084641357,0.03240491781991165,-0.012000001284690205,0.0,-0.011860515216857881,0.006005105902432071],[0.06081223064464639,0.09105637611571517,0.03290483084641355,0.014458897855682648,0.014458757290690988,0.06470469250475519,-0.011860515216857881,0.0,-0.01186091075290944],[-0.028676345831988734,0.011435535893246643,0.032404917819911644,0.014458757290690984,0.013399999773670214,-0.004149563815059886,0.006005105902432071,-0.01186091075290944,0.0]]),full_obbs:(averages:[[0.0,-0.03810701466646169,-0.014840020060566483,0.052432020995458996,-0.03621265951301451,-0.03810701466646169,-0.01484002006056649,0.052432020995458996,-0.0362126595130145],[-0.03810701466646169,0.0,-0.020097877722013623,0.053527645563718494,-0.008390590105268535,0.008672670582008914,0.037138505138731785,0.08253168231042361,0.011443222106553508],[-0.014840020060566483,-0.020097877722013623,0.0,-0.013556846277661763,0.004500105366776001,0.03713850513873182,0.05520665979379922,0.08552598273124863,0.03201472687329441],[0.052432020995458996,0.053527645563718494,-0.013556846277661763,0.0,-0.015654580517118644,0.08253168231042367,0.08552598273124865,0.08155933553455244,0.06663127176889744],[-0.03621265951301451,-0.008390590105268535,0.004500105366776001,-0.015654580517118644,0.0,0.011443222106553508,0.0320147268732944,0.06663127176889741,0.006091127436475701],[-0.03810701466646169,0.008672670582008914,0.03713850513873182,0.08253168231042367,0.011443222106553508,0.0,-0.020097877722013626,0.05352764556371848,-0.008390590105268525],[-0.01484002006056649,0.037138505138731785,0.05520665979379922,0.08552598273124865,0.0320147268732944,-0.020097877722013626,0.0,-0.013556846277661763,0.004500105366776],[0.052432020995458996,0.08253168231042361,0.08552598273124863,0.08155933553455244,0.06663127176889741,0.05352764556371848,-0.013556846277661763,0.0,-0.015654580517118658],[-0.0362126595130145,0.011443222106553508,0.03201472687329441,0.06663127176889744,0.006091127436475701,-0.008390590105268525,0.004500105366776,-0.015654580517118658,0.0]],maximums:[[0.0,-0.03339623264719507,-0.009809221354739925,0.05891647658063631,-0.034730469693384024,-0.03339623264719506,-0.009809221354739925,0.058916476580636284,-0.03473046969338403],[-0.03339623264719507,0.0,-0.020097877722013838,0.06107316028089611,-0.00800698308453722,0.01809423462054211,0.03863220056922066,0.10187085260199097,0.013881792747325247],[-0.009809221354739925,-0.020097877722013838,0.0,-0.012081741604243058,0.00488371238750732,0.038632200569220704,0.06526825720545239,0.1178987755887519,0.035927631252205716],[0.05891647658063631,0.06107316028089611,-0.012081741604243058,0.0,-0.014368403328945874,0.10187085260199089,0.11789877558875193,0.1424930827607269,0.09699996286467552],[-0.034730469693384024,-0.00800698308453722,0.00488371238750732,-0.014368403328945874,0.0,0.013881792747325209,0.03592763125220574,0.09699996286467544,0.008663480567182691],[-0.03339623264719506,0.01809423462054211,0.038632200569220704,0.10187085260199089,0.013881792747325209,0.0,-0.020097877722013865,0.06107316028089606,-0.008006983084537192],[-0.009809221354739925,0.03863220056922066,0.06526825720545239,0.11789877558875193,0.03592763125220574,-0.020097877722013865,0.0,-0.012081741604243017,0.004883712387507341],[0.058916476580636284,0.10187085260199097,0.1178987755887519,0.1424930827607269,0.09699996286467544,0.06107316028089606,-0.012081741604243017,0.0,-0.014368403328945928],[-0.03473046969338403,0.013881792747325247,0.035927631252205716,0.09699996286467552,0.008663480567182691,-0.008006983084537192,0.004883712387507341,-0.014368403328945928,0.0]],minimums:[[0.0,-0.040594264337818334,-0.019691241638269796,0.045556832565687946,-0.03704711976477883,-0.04059426433781835,-0.019691241638269803,0.04555683256568797,-0.03704711976477881],[-0.040594264337818334,0.0,-0.020097877722013956,0.047251500570445526,-0.00932923541455695,0.0036981712392955488,0.03259853903524505,0.0635113363614138,0.008738515943730749],[-0.019691241638269796,-0.020097877722013956,0.0,-0.01438503906486381,0.003561460057487597,0.032598539035245004,0.045504216638392665,0.03188071666408167,0.02737737442929991],[0.045556832565687946,0.047251500570445526,-0.01438503906486381,0.0,-0.0161737473713705,0.06351133636141386,0.031880716664081675,0.014094664841789286,0.013768856586092032],[-0.03704711976477883,-0.00932923541455695,0.003561460057487597,-0.0161737473713705,0.0,0.008738515943730688,0.02737737442929987,0.013768856586092016,0.005052794617781638],[-0.04059426433781835,0.0036981712392955488,0.032598539035245004,0.06351133636141386,0.008738515943730688,0.0,-0.020097877722013942,0.04725150057044557,-0.009329235414556936],[-0.019691241638269803,0.03259853903524505,0.045504216638392665,0.031880716664081675,0.02737737442929987,-0.020097877722013942,0.0,-0.014385039064863804,0.003561460057487604],[0.04555683256568797,0.0635113363614138,0.03188071666408167,0.014094664841789286,0.013768856586092016,0.04725150057044557,-0.014385039064863804,0.0,-0.016173747371370506],[-0.03704711976477881,0.008738515943730749,0.02737737442929991,0.013768856586092032,0.005052794617781638,-0.009329235414556936,0.003561460057487604,-0.016173747371370506,0.0]]),full_bounding_spheres:(averages:[[0.0,-0.052426902753697845,-0.0267051401076131,0.022189078276711433,-0.0447189379766886,-0.0496039945198464,-0.024502402725716663,0.02358564273583293,-0.043472434346362214],[-0.052426902753697845,0.0,-0.05162041287965776,0.006309993240242443,-0.05356966734897916,0.002885232699276176,0.015740837236938872,0.04898640490053988,-0.015869278516064504],[-0.0267051401076131,-0.05162041287965776,0.0,-0.04743647007736028,-0.08738693604125893,0.015740837236938882,0.013599590596711255,0.029766166637586192,-0.025935610439755348],[0.022189078276711433,0.006309993240242443,-0.04743647007736028,0.0,-0.06260021343399662,0.048986404900539904,0.029766166637586203,0.024552164905799593,-0.011931016953650288],[-0.0447189379766886,-0.05356966734897916,-0.08738693604125893,-0.06260021343399662,0.0,-0.015869278516064494,-0.02593561043975535,-0.011931016953650307,-0.06685953822715576],[-0.0496039945198464,0.002885232699276176,0.015740837236938882,0.048986404900539904,-0.015869278516064494,0.0,-0.05162041287965777,0.006309993240242436,-0.053569667348979146],[-0.024502402725716663,0.015740837236938872,0.013599590596711255,0.029766166637586203,-0.02593561043975535,-0.05162041287965777,0.0,-0.04743647007736028,-0.08738693604125893],[0.02358564273583293,0.04898640490053988,0.029766166637586192,0.024552164905799593,-0.011931016953650307,0.006309993240242436,-0.04743647007736028,0.0,-0.06260021343399666],[-0.043472434346362214,-0.015869278516064504,-0.025935610439755348,-0.011931016953650288,-0.06685953822715576,-0.053569667348979146,-0.08738693604125893,-0.06260021343399666,0.0]],maximums:[[0.0,-0.052181031800080664,-0.023380227447880472,0.02532851246456938,-0.04411171450753015,-0.049316602285918346,-0.02074227535101912,0.02743843126082221,-0.04237944196807303],[-0.052181031800080664,0.0,-0.05162041287965823,0.009257029155379404,-0.04831036566540207,0.006402267407085771,0.028917164131098474,0.06761610566757965,-0.002029033940689748],[-0.023380227447880472,-0.05162041287965823,0.0,-0.04485362326713852,-0.08720985214528638,0.028917164131098447,0.04320881320309229,0.07100185140919164,0.00609701851110947],[0.02532851246456938,0.009257029155379404,-0.04485362326713852,0.0,-0.05948814294417781,0.06761610566757968,0.07100185140919159,0.08568439224778886,0.029956916943224915],[-0.04411171450753015,-0.04831036566540207,-0.08720985214528638,-0.05948814294417781,0.0,-0.002029033940689748,0.006097018511109414,0.029956916943224887,-0.0328866604468674],[-0.049316602285918346,0.006402267407085771,0.028917164131098447,0.06761610566757968,-0.002029033940689748,0.0,-0.05162041287965826,0.00925702915537939,-0.048310365665402075],[-0.02074227535101912,0.028917164131098474,0.04320881320309229,0.07100185140919159,0.006097018511109414,-0.05162041287965826,0.0,-0.04485362326713852,-0.08720985214528638],[0.02743843126082221,0.06761610566757965,0.07100185140919164,0.08568439224778886,0.029956916943224887,0.00925702915537939,-0.04485362326713852,0.0,-0.05948814294417785],[-0.04237944196807303,-0.002029033940689748,0.00609701851110947,0.029956916943224915,-0.0328866604468674,-0.048310365665402075,-0.08720985214528638,-0.05948814294417785,0.0]],minimums:[[0.0,-0.05311482118008477,-0.03158917538921448,0.017498461253774522,-0.046364405515247564,-0.05043113882176786,-0.02990817665733357,0.01808676150443471,-0.04584700191411084],[-0.05311482118008477,0.0,-0.051620412879658344,0.0031998442783213316,-0.05940362077899405,-0.0027004049030642657,-0.0010608252212858243,0.02683491383541374,-0.0327078771056893],[-0.03158917538921448,-0.051620412879658344,0.0,-0.050317233628679535,-0.08783774956650969,-0.001060825221285852,-0.021287485537233933,-0.0158439192854936,-0.062356470023182904],[0.017498461253774522,0.0031998442783213316,-0.050317233628679535,0.0,-0.06596962040550464,0.02683491383541374,-0.015843919285493585,-0.042835154107068805,-0.05415409732415729],[-0.046364405515247564,-0.05940362077899405,-0.08783774956650969,-0.06596962040550464,0.0,-0.03270787710568929,-0.062356470023182925,-0.0541540973241573,-0.10424862962239434],[-0.05043113882176786,-0.0027004049030642657,-0.001060825221285852,0.02683491383541374,-0.03270787710568929,0.0,-0.051620412879658344,0.00319984427832129,-0.05940362077899405],[-0.02990817665733357,-0.0010608252212858243,-0.021287485537233933,-0.015843919285493585,-0.062356470023182925,-0.051620412879658344,0.0,-0.05031723362867954,-0.0878377495665097],[0.01808676150443471,0.02683491383541374,-0.0158439192854936,-0.042835154107068805,-0.0541540973241573,0.00319984427832129,-0.05031723362867954,0.0,-0.06596962040550466],[-0.04584700191411084,-0.0327078771056893,-0.062356470023182904,-0.05415409732415729,-0.10424862962239434,-0.05940362077899405,-0.0878377495665097,-0.06596962040550466,0.0]]),decomposition_convex_hulls:(averages:[[0.0,0.0,0.0,0.0,0.0,0.013144221156835554,0.013325529323791966,0.018065004065370285,0.01752562820911407,0.026796582104014487,0.009805581239178345,0.010292152399121273,0.018922612950466183,0.03315075090777023,0.013123377892810182,0.01223783008290006,0.033228991983117025,0.02641845780441626,0.028706009788828302,0.028602558864157607,0.03693338236574569,0.043362742111634885,0.042724208099512245,0.03687206849490989,0.051462259947385874,0.09728963151993561,0.05146225994738588,0.05152848620714729,0.10848147246403869,0.1123526968331037,0.1084814724640387,0.11229009802595723,0.12529782718829732,0.11020793110913923,0.10899944695294853,0.05844772535001918,0.0834687118396524,0.0834687118396524,0.113834473613048,0.11342238792408425,0.022805850168943514,0.035600911354007364,0.023005724393770494,0.03542245854226144,0.08190295118167007,0.0349506660619474,0.04676066347834803,0.06005672485937051,0.08265421276698683,0.05180112584980114,0.06251721870966084,0.0824534082069421,0.07464569230083194,0.08599741487386713,0.08600281390824466,0.08717298000310843,0.08904518170671802,0.08898133564257163,0.08718708464577417,0.09347742906025513,0.12842193715665204,0.09347742906025513,0.09348984953436311,0.13786160010693851,0.14099394951409364,0.1379601956674936,0.14101102687062714,0.14314628806620786,0.1336699875902691,0.13722611612471647,0.07942387185957694,0.10478370308404289,0.10478370308404289,0.13498683044607215,0.1352215772025127,0.04103046989101982,0.05494433602223873,0.04107788363668008,0.05585080296956113],[0.0,0.0,0.0,0.0,0.0,0.013144221156835556,0.013144221156835556,0.017525628209114075,0.018065004060076634,0.0323817347489881,0.005397843463679106,0.010358178735649738,0.022245019583739346,0.03771198815219524,0.013761305658878184,0.013754726868192266,0.037512979170548216,0.030087835483153667,0.03553043153794826,0.035785419938964946,0.041605196027974745,0.04725681776814528,0.04676001835415491,0.04181729280145729,0.05502805463438541,0.10051732814553727,0.05502805463438541,0.05549092098239259,0.11158455344156774,0.11528403550155754,0.11159693311979806,0.11538986691694125,0.12624383463604016,0.11198967616136313,0.11137303163131736,0.05877977949898338,0.0845417975239568,0.08456419000301638,0.11527425171233852,0.11526036984438573,0.018221270895203315,0.034411896764934544,0.0190248184268616,0.037354025294274416,0.026882540719580694,0.005397843463679109,0.010281139202214178,0.019010602027922777,0.03321403034061059,0.013123377892810182,0.012381229368613349,0.03373919094584346,0.026484856493303167,0.02948754165120124,0.028718680631515954,0.03744209871294051,0.04355670642426739,0.042783266103676595,0.03694654091671956,0.05153280953116203,0.09736987818417177,0.05152567658361926,0.051569856259229094,0.10855726030876617,0.1126244817632254,0.10853473702977175,0.11233102603478083,0.12529977186713792,0.11023356779831261,0.10903863347543985,0.0583698225511317,0.0834680006393027,0.08344772926593615,0.11402121000175239,0.11341944495097402,0.018221270895203315,0.036521316849985504,0.018221270895203315,0.034688691471789754],[0.0,0.0,0.0,0.0,0.0,0.013893176530032776,0.013145548330200572,0.017525628209114075,0.017525628209114075,0.03253666876478388,0.005397843463679106,0.010394934569076997,0.022336697816423272,0.03745007528436635,0.01385294845067267,0.014064711730105229,0.03859295213102997,0.03033080657079251,0.03669060419877876,0.03553043153794826,0.04272973653984088,0.047824340211089444,0.0466915640786405,0.04160519602797474,0.055395872062652556,0.10083248510359401,0.055033705672754944,0.05502805463438541,0.11180409059664494,0.11564747333829975,0.11158455344156774,0.11528403550155754,0.1262440207946488,0.11199279881742755,0.11137631074843442,0.05877977949898338,0.08472725711450552,0.0845417975239568,0.11573910277345331,0.1149748832252699,0.018221270895203315,0.036819005862107526,0.018221270895203315,0.03468869147178975,0.02697836527631338,0.005397843463679107,0.01028113920221418,0.019003384400257593,0.03384050973289096,0.013123377892810179,0.012237829773657786,0.03322622069264148,0.02649909620054594,0.028718653566543816,0.029597869282407856,0.036946540916719554,0.04342777405299794,0.04318736704443781,0.037517162638991984,0.05152567658361927,0.09734657260489168,0.051721625427555866,0.052306261079032856,0.10853473702977175,0.11231303064282618,0.10873985734707148,0.11275256008372048,0.12529977186713626,0.1102336029755799,0.10903908394804429,0.05836982255113169,0.08344772926593615,0.08353854461059702,0.11379567508858139,0.11380287904046738,0.018221270895203312,0.034411896764934544,0.019169008753285,0.037488350512378206],[0.0,0.0,0.0,0.0,0.0,0.0,0.0,0.004381407052278519,0.006196245260174868,0.014771848383954846,-0.004417164859229065,-0.002863081954621366,0.0059291425357580335,0.0223920382144335,-0.000020843264025391343,-0.0009063913831777663,0.020119150719253867,0.013404025672072353,0.018148683801568304,0.020421028293356153,0.024018864345797183,0.030318929850537763,0.030944950891120534,0.025977598416845445,0.03842702338886099,0.08415074532016505,0.038820452023568375,0.040331030458867184,0.09530981088375112,0.09907371493309873,0.09559562140200473,0.09975690943470322,0.11201971552608367,0.09689338513419875,0.09571633237166116,0.045206527200092265,0.07016535550622376,0.07039317579519723,0.1004840720093776,0.10079655060856897,0.005077049738367772,0.021353908789526716,0.007464190322246968,0.025416093459133784,0.01470751437219969,-0.003989652872408128,-0.002860188092466763,0.0060906907176515555,0.020168512855683853,-0.000020842402902241858,-0.0006588621618519663,0.022798174551634617,0.013517749495007152,0.020967012293316968,0.018035273632412148,0.026503537933760826,0.03142016556607805,0.0296848816716689,0.024099537738911117,0.03893115808421876,0.08450985389713417,0.038490433830179444,0.038490433830179444,0.09564030700889471,0.0998124487699503,0.09536497777873086,0.09912677550638525,0.11203327813714402,0.09692243150055524,0.09575649201922559,0.045206994599087426,0.07040805438771408,0.0701789203966939,0.10111759891774535,0.10010204869993637,0.005077049738367772,0.02449239495096546,0.005077049738367768,0.02172546133637866],[0.0,0.0,0.0,0.0,0.0,0.004381407074106391,0.0,0.0,0.0,0.010704638343479442,-0.004195821915345732,-0.004195821915345732,0.0017612548494046608,0.015782771694728987,-0.004386168058657998,-0.0036142963747298968,0.018515258989317235,0.009041188112419744,0.017659536033605337,0.014635131179826356,0.022252767318052057,0.026866997865275483,0.02525419905044868,0.019779224632926497,0.03440041677177276,0.08002677970948056,0.034089606057618585,0.03411767873843981,0.09116126978334288,0.09533053909353895,0.09095979659406414,0.0947340911531845,0.10761808524220397,0.09249828625523777,0.09134244190883511,0.04082408425708466,0.06595510047197858,0.06576427096439492,0.09665047247894326,0.0957117202451295,0.0006956426860892473,0.02097009636582709,0.0006956426860892476,0.017475251366642634,0.011179565413116647,-0.004781515781360213,-0.004781515781360213,0.002079230908454196,0.019058398068845035,-0.004391421302795151,-0.004013658305752895,0.0157501551218266,0.009263853438243885,0.014946325604482325,0.017518878115823495,0.019753377131142502,0.025870716086279194,0.027234647324733477,0.022376137864207626,0.03397337809515704,0.07969176487428595,0.03473551032023252,0.03676086443306373,0.09084309716399708,0.09460432802027664,0.09125571752367267,0.09547989208144951,0.10757746303943617,0.09241162974310607,0.09123887075701649,0.04082385934750002,0.06572421034179976,0.0661479918978814,0.09601940612718524,0.09662923821121247,0.0006956426860892473,0.017007712941908084,0.005728808845026853,0.021810864032843803],[0.013144221156835554,0.013144221156835556,0.013893176530032776,0.0,0.004381407074106391,0.0,0.0,0.0043814070741063915,0.008762814104557037,0.008245784373334631,0.000288781871789542,-0.0006142589263617992,-0.0006142589263617992,0.01311572474506488,-0.004374412819743156,-0.0006142589263617992,0.009072807887318788,0.0009714417080437806,0.012291410252190058,0.015700031263171776,0.013853970878605553,0.016574718672767344,0.01774204482998909,0.01654139610035667,0.021642540294693265,0.05798174402902859,0.022077912663890045,0.024592097214807616,0.06777091660124093,0.07120705447317716,0.06907430457905292,0.07193606328664653,0.07651043330880032,0.06498223685287885,0.06725205271717995,0.01048029316738648,0.03691663010271655,0.037235118976906935,0.06778059308413197,0.06881356397419738,-0.015716507099568844,-0.008907733669645581,0.009852002374827862,0.0100664742941558,0.008255095636067111,0.0006286938202151043,-0.00002856506034732036,-0.00002856506034731909,0.009228396326237275,-0.003788718953728676,-0.000028565060347318954,0.01298801957096426,0.0015512255486337448,0.01571927765223762,0.012338834960965626,0.01669071158222293,0.017759773256850915,0.01633369983406569,0.013837385349175153,0.02214714897343282,0.05949895636824485,0.021535152770619927,0.021653559736908676,0.06895055600555042,0.07223547941370165,0.06798037804722669,0.07123528724187077,0.07656334143949141,0.06505796875625366,0.06729988260882294,0.010545109254553526,0.03734157198680773,0.036980596962792586,0.0686855225600679,0.06785509215115938,-0.0013033384457230568,0.0006139977667141543,-0.006199820735491812,-0.0033788068352190105],[0.013325529323791966,0.013144221156835556,0.013145548330200572,0.0,0.0,0.0,0.0,0.0,0.004381407030450646,0.020845064264444768,-0.0014287698670984528,-0.004039448261305093,-0.0028312679801581146,0.018650618432672343,-0.006885426493104689,0.006245700208882796,0.01781362376889672,0.011712721958550243,0.022804350392128147,0.02354018015075765,0.02111905360171571,0.021026950661618738,0.021431305462438918,0.021639483635637384,0.02326113384496798,0.05819383614386439,0.02332546813789533,0.024768398543325836,0.0678258007999722,0.0713000972119173,0.06845469753925446,0.07161288830767426,0.07649379479310374,0.06496751539133701,0.06719357827653014,0.010465873544231648,0.03689963024107129,0.036955203522304664,0.0678279852916745,0.0682746698501488,-0.009852002374827862,-0.0055285373558369095,0.00547059530072147,0.005828484029276469,0.020312892493550755,-0.0012695000023245431,-0.00372911659398758,-0.003045936365160698,0.01737261112713539,-0.006700410301273943,0.0061360717616181755,0.01805023326216565,0.011424547824605,0.022960926346974303,0.022346953315925244,0.02121836867833404,0.020742241880730736,0.020870755245323544,0.020554428125676504,0.023135491448666636,0.05863893653813293,0.02303520203396627,0.023507438316819968,0.06814582709679122,0.07160548616739118,0.06817190248956884,0.0713859739650394,0.07651311555365575,0.06497828487363483,0.06722371293851184,0.010496575421114434,0.03693826613952152,0.03692823890188637,0.06812168225473113,0.06793482412500643,-0.005684745519829448,-0.002711428343197357,0.0013033384457230568,0.0020084338783584546],[0.018065004065370285,0.017525628209114075,0.017525628209114075,0.004381407052278519,0.0,0.0043814070741063915,0.0,0.0,0.0,0.020856381570017107,0.002403223202957583,-0.0006126162089041078,-0.0020922210111354953,0.01789676540945074,-0.0037648479069724893,0.007794381039480534,0.018599180891375786,0.011963216446813934,0.023520953446872016,0.02284383569435654,0.021626209841329912,0.021119852143064062,0.02130733404434327,0.020972056170339436,0.023319641270022482,0.05875444473723155,0.02326113384496798,0.02357466931413137,0.06823793889954703,0.07168567477048753,0.06806267381876875,0.07128579698564198,0.07651043330880032,0.06498219888393819,0.06721176676798306,0.010479214873908052,0.03694153798327549,0.03691663010271656,0.06819230834925714,0.06786748745370592,-0.00547059530072147,-0.0025161508880926784,0.0010891882702708244,0.001634872344233874,0.02031560833925253,0.002390956920003114,-0.0006158560760613475,-0.0025056551712033075,0.018175255208945307,-0.0037665892974115627,0.007417915653341433,0.017252766539338958,0.01118295229090551,0.022260304339084012,0.023038269247646046,0.020638985162848632,0.020590642437957864,0.021014230640602094,0.02123073445713755,0.023022968670045125,0.05833100211817493,0.023084881259158672,0.024492559603846595,0.06798077196906537,0.07145642046980391,0.06865483678308844,0.07177951012239177,0.07660484124905707,0.06510133978472982,0.06733025734474775,0.010590651903498094,0.03702450686786971,0.03707093185479053,0.06801967388452415,0.06844199998506402,-0.010066152550280094,-0.005480247150536024,0.005684745519829448,0.0061222218839497265],[0.01752562820911407,0.018065004060076634,0.017525628209114075,0.006196245260174868,0.0,0.008762814104557037,0.004381407030450646,0.0,0.0,0.00813361986055306,0.0032008096538552614,0.000863180150314086,0.0001855851151049137,0.00924142058425301,-0.0035745687782764435,0.0001855851151049137,0.013063211154616006,0.001576189604488043,0.01561909272827859,0.0122564737698724,0.01677150022580509,0.01790687320652311,0.016392007494732717,0.013849299536610316,0.022353734350421053,0.05973784053592487,0.021642894898575907,0.021671711179990012,0.06914180955066176,0.07240778664074675,0.06804957198607627,0.07132581749664228,0.0767299032433518,0.06522769619105667,0.0674260962541222,0.010702391996842236,0.037533367242005206,0.03714903177303408,0.06887616253534003,0.0680120581564902,-0.0010891882702708244,0.001008032772055079,-0.00694339070469141,-0.00354894305205516,0.00847081554702903,0.0030083656277185185,0.00045105265953158854,-0.000400108750909567,0.013295596780511804,-0.004160262644290924,-0.00040010875090956704,0.009151295721599305,0.0011144290484379556,0.012452427059979594,0.01587417852655523,0.013943158651710816,0.01659681626042506,0.017836313847223593,0.016698860186575248,0.02162303443219287,0.057978532533463016,0.02213023192785905,0.024715276510880464,0.06778216829086697,0.07123188795376273,0.06911975795688668,0.07196672403006994,0.0765365520797204,0.06499653868545097,0.06724452561503645,0.010522656419518977,0.036954319777146874,0.03730972314134253,0.0678216477223601,0.06889327022423498,-0.015502356924116611,-0.008741764600100291,0.010066152550280094,0.010277179335136704],[0.026796582104014487,0.0323817347489881,0.03253666876478388,0.014771848383954846,0.010704638343479442,0.008245784373334631,0.020845064264444768,0.020856381570017107,0.00813361986055306,0.0,0.027870395992699068,0.019354323543361213,0.0,0.0003736871954704985,0.014616852177585205,0.007936101442354893,0.0003736872371205418,0.0,-0.00519300733867567,-0.005251865208265372,-0.0010092414681165459,-0.003529736663926615,-0.0005964420857871143,-0.0008291779085993767,0.004578522514771442,0.05105271243514241,0.004578522514771442,0.005449231355343952,0.06246096951559681,0.06644657754258598,0.06246096951559681,0.0664286814218417,0.08363778776549839,0.06693018549857985,0.06414812810496422,0.03089215943280439,0.04522282862667247,0.04522282862667247,0.07158377449548889,0.07124805503538663,0.029837964022651698,0.02942049717993831,0.03000545715679246,0.02987414898877366,0.10024411001736457,0.05729775898928243,0.06708574776738865,0.07677231649109807,0.09812785657730203,0.07091996635977996,0.08369676754162851,0.09800161131391394,0.09155335862214936,0.1027367231540597,0.1027739678485574,0.10171844356112603,0.10186912169911039,0.10194825662464578,0.10137661651376964,0.10363868109524742,0.12471440690310678,0.10363868109524742,0.10371871123555679,0.1314199018882975,0.13365284935581112,0.131511111629934,0.13355747699608636,0.12832759141874012,0.12193090955290561,0.13019166810603175,0.07805499331160358,0.09654586779817499,0.09654450167507676,0.12190405165749732,0.12253252365844661,0.056101920514015,0.06335984952924002,0.05627943083087307,0.06365793844512563],[0.009805581239178345,0.005397843463679106,0.005397843463679106,-0.004417164859229065,-0.004195821915345732,0.000288781871789542,-0.0014287698670984528,0.002403223202957583,0.0032008096538552614,0.027870395992699068,0.0,0.0,0.01336943730711937,0.031023909359755727,0.004595744423568249,0.007391546202980828,0.03105202686826303,0.022887382098681755,0.03229509554998773,0.03229282587675914,0.03557172388504166,0.04003162604631641,0.03956549767714804,0.035554034389891874,0.047047431805333925,0.09167314115943238,0.047047431805333925,0.047140132513851005,0.10269803844041898,0.10638360969371882,0.1026983981151519,0.10638360969371882,0.1142806512583907,0.1014709214722529,0.10199680294420323,0.047129933236735616,0.07359374329513875,0.07359374329513875,0.10455814413766734,0.10453674659340319,0.0036472502206385676,0.022074497050103715,0.004467836538912096,0.02326288542026306,0.05729775898928243,0.010100042459815342,0.021615134933407002,0.034668902993916055,0.05764459585336427,0.0265569496889346,0.038411347495876054,0.05736725762079838,0.04959346067088665,0.06141375892145448,0.061406684503890814,0.06216641746399443,0.06384702515040008,0.06379143607167675,0.06219393939525618,0.06834593165512103,0.1050494550655835,0.06834593165512103,0.06839990492078152,0.11472981046902875,0.11811092675502494,0.11485384057436714,0.1180397285530754,0.12167695794848693,0.11147154210296659,0.11415445112768395,0.05655550207979821,0.08264599179565295,0.08264599179565295,0.11336196069934669,0.11343560061119555,0.015708958209137425,0.031974713897624046,0.015818557868682557,0.03236299187785276],[0.010292152399121273,0.010358178735649738,0.010394934569076997,-0.002863081954621366,-0.004195821915345732,-0.0006142589263617992,-0.004039448261305093,-0.0006126162089041078,0.000863180150314086,0.019354323543361213,0.0,0.0,0.00877369288355112,0.02371515228612283,0.0,0.0,0.023959760974276156,0.01632140212963631,0.023547364028462133,0.02343876299038693,0.0281030052488686,0.03351599193013416,0.03289044841669739,0.02800246237596501,0.04136726785565963,0.08704557280637035,0.04136726785565963,0.041472666948095586,0.09810229401685057,0.10178786527015042,0.09810229401685057,0.10178786527015042,0.10993790622215953,0.09694221901497309,0.09740104409898248,0.04261519056410645,0.06906476664869847,0.06906476664869847,0.10005524049306531,0.10004138573532652,0.0029631053637543315,0.01823264243048384,0.004077783047094186,0.019675072430801594,0.06708574776738867,0.021615134933407,0.03207039444499317,0.04373567011703443,0.06651637164704666,0.036508917443481566,0.0491320677329744,0.06632023226609876,0.05888716695209361,0.07078202211335151,0.07074652958033556,0.07090772061792877,0.07198658221565027,0.07203561724242341,0.07093420809599509,0.07570680370128144,0.10919989296680413,0.07570680370128144,0.07574487622154924,0.11828226476839492,0.1214879230492327,0.11834811344619466,0.12133041450619422,0.12323521850727959,0.11379153086490086,0.1175446158570693,0.059660736519236104,0.08489083377001755,0.08488717889593246,0.11524678085812048,0.11534331112647683,0.02356412679941831,0.03696292465222071,0.023612316501724143,0.037014875903556635],[0.018922612950466183,0.022245019583739346,0.022336697816423272,0.0059291425357580335,0.0017612548494046608,-0.0006142589263617992,-0.0028312679801581146,-0.0020922210111354953,0.0001855851151049137,0.0,0.01336943730711937,0.00877369288355112,0.0,0.006697762956203681,0.0,0.0,0.006684719584882259,0.0,0.0006017048048493595,0.00010061326909659887,0.010308182906578988,0.016942213397692748,0.016205099519561755,0.010308184900614673,0.02505047257639135,0.07075157213605554,0.02505047257639135,0.025224143796099174,0.08180993919635263,0.08557045278212577,0.08180993919635263,0.08557801664127329,0.09812660924588061,0.0830187172833933,0.08187657155826869,0.03223099474134671,0.056626840478590616,0.056626840478590616,0.08676347455582518,0.08639149562714363,0.0062915228864788165,0.012809625750042353,0.0074643583526227434,0.014082109152492712,0.07677231649109807,0.034668902993916055,0.04373567011703442,0.053300726324596474,0.07464656472332211,0.04731172034236352,0.060650057230959564,0.07489936885465635,0.06825759307056943,0.0797252130963932,0.07937565964323243,0.07888325544314528,0.079121059970928,0.07911561338532537,0.07851189910615905,0.08148539281390436,0.11018105009790415,0.08133884955182108,0.08137352564719547,0.11856647227771071,0.12146878167755934,0.11851923876583785,0.12124111804440928,0.1209951539418617,0.11245375087975332,0.11757883675228405,0.06031229390334867,0.08408378484307548,0.08397188976159536,0.11349785336161564,0.11366570514935424,0.032363095148115216,0.04090375970455019,0.03240084821321017,0.04077455337224539],[0.03315075090777023,0.03771198815219524,0.03745007528436635,0.0223920382144335,0.015782771694728987,0.01311572474506488,0.018650618432672343,0.01789676540945074,0.00924142058425301,0.0003736871954704985,0.031023909359755727,0.02371515228612283,0.006697762956203681,0.0,0.016358151748686843,0.014211170089692568,0.009609282948076725,0.0,0.007870088481637628,-0.000963522243516839,0.008865344846794186,0.00677799673168259,0.003312765950605505,-0.0015520874162473302,0.01302881253874442,0.05824362905641284,0.01209883123285672,0.01209883123285672,0.06943762376015206,0.07389274890000773,0.06911327077980274,0.0729211718181514,0.08797537970339378,0.07191800088689078,0.06998344692286723,0.028177761785921632,0.04808809868884684,0.0476288845544055,0.0771581104536257,0.0755993951325601,0.029125782581382192,0.02422429490114563,0.02450417427422306,0.022872635885174925,0.09812785657730203,0.05764459585336425,0.06651637164702727,0.07464656472332208,0.09571713437769855,0.06983077991944102,0.0826582446961547,0.0948762764496662,0.08908838793679845,0.09979430122840638,0.10063262098738457,0.09816468356931056,0.09805652516699578,0.09845503621723903,0.09843056504534294,0.0993982222328685,0.1205841596903993,0.09961249842763611,0.10029967933348793,0.12772983797165308,0.1300204349226493,0.12885974335753073,0.13072024292378126,0.12603452703817256,0.11913584618054425,0.12671856476480198,0.07308589207888135,0.09269024290966625,0.09292309251748992,0.11904464985135774,0.12051155241796152,0.05381154377381161,0.058502395496808135,0.05568900772463351,0.06133066840584585],[0.013123377892810182,0.013761305658878184,0.01385294845067267,-0.000020843264025391343,-0.004386168058657998,-0.004374412819743156,-0.006885426493104689,-0.0037648479069724893,-0.0035745687782764435,0.014616852177585205,0.004595744423568249,0.0,0.0,0.016358151748686843,0.0,0.0,0.01630470937054961,0.008101558746116897,0.018863735503412783,0.018990325245289336,0.020996537802531634,0.025288530133458668,0.02478420633719452,0.02089977610025537,0.0327542613477048,0.07827187992281875,0.0327542613477048,0.03298570653354094,0.08932860113329907,0.09301417238659894,0.08932860113329907,0.09301417238659894,0.10192508216581622,0.08842667734413867,0.08862831933423354,0.03435702369257149,0.060628561292462364,0.060628561292462364,0.09163858709186398,0.09155399254269717,0.003328680376119606,0.01325383398773345,0.003975854538677934,0.01442048435928153,0.07091996635977996,0.02655694968893459,0.03650891744348157,0.04731172034236352,0.06983077991944103,0.04065886253103933,0.053542737409190716,0.0696154307017055,0.06245608146272359,0.07421411365295813,0.07426320151879674,0.07400325700107034,0.07477139616600027,0.07489110918730049,0.07406591618079131,0.07790378157198329,0.10862708891282201,0.07790378157228489,0.07800039608993947,0.11728426549142851,0.12029978353254166,0.11743583161213528,0.12023585108473277,0.12068621060261707,0.11183967017035358,0.11647743134757617,0.058972322734663844,0.0831792797074542,0.08317914238783168,0.1129379170222396,0.11316332358453213,0.026783427180182038,0.03791917113930776,0.026902041378543254,0.038230644797639435],[0.01223783008290006,0.013754726868192266,0.014064711730105229,-0.0009063913831777663,-0.0036142963747298968,-0.0006142589263617992,0.006245700208882796,0.007794381039480534,0.0001855851151049137,0.007936101442354893,0.007391546202980828,0.0,0.0,0.014211170089692568,0.0,0.0,0.014205027371644974,0.007520307786762714,0.012213557642277712,0.011613116996487855,0.01793902334043323,0.024462521184455972,0.023725407306325025,0.017846707641867052,0.032570780363154264,0.07827187992281875,0.032570780363154264,0.03270454077663488,0.08932860113329907,0.09303504597608397,0.08932860113329907,0.09304302846158326,0.10465536756360544,0.0899574182075322,0.08912080368041164,0.03818477533146236,0.06302227809736796,0.06302227809736796,0.09352302393646966,0.0932176968011529,0.016536683452486548,0.02126434440298841,0.016618129832668478,0.02157419722365931,0.0836967675416285,0.03841134749587604,0.0491320677329744,0.06065005723095955,0.08265824469615468,0.053542737409190716,0.06609413654581969,0.08263874246199307,0.0755987189133036,0.08708836706404398,0.0869350832553649,0.08684781542616903,0.0876220178950208,0.08765457892540879,0.08666730465553615,0.0904983061876095,0.11940167119099614,0.09046223454795907,0.09049891570461274,0.12769727207176282,0.13054048356542744,0.12779865103293758,0.13046337775176203,0.1296869353798765,0.12140770800064098,0.12681369761044278,0.0699707021226518,0.0931628984735612,0.09316239210958074,0.12216115021486354,0.12248595805814479,0.040135690314461306,0.05018574079706268,0.040188540125615735,0.05047031287410572],[0.033228991983117025,0.037512979170548216,0.03859295213102997,0.020119150719253867,0.018515258989317235,0.009072807887318788,0.01781362376889672,0.018599180891375786,0.013063211154616006,0.0003736872371205418,0.03105202686826303,0.023959760974276156,0.006684719584882259,0.009609282948076725,0.01630470937054961,0.014205027371644974,0.0,0.0,-0.0009635222435168388,0.008131789560359811,-0.0015520874162473308,0.0035727770218958715,0.00663489801041006,0.009197899606078863,0.011681036200593917,0.057510304436739074,0.012619400116127168,0.0168517241238889,0.06877445006491376,0.07265439321815043,0.06912826342695991,0.07355368512514847,0.08790245798859862,0.07177774007035345,0.06974935415512948,0.028177761785921632,0.0476288845544055,0.04822603838233053,0.07604192219756467,0.0766480092303285,0.024916884716236848,0.02284088453580159,0.029685276069399164,0.026915879828941856,0.09800161131391394,0.05736725762079837,0.06632023226609875,0.07489936885465635,0.09487627644966619,0.06961543070170549,0.082638742461