{"full_convex_hulls":{"averages":[[0.0,0.002959310552597859,0.006414675007697492,0.25323260955608456,0.43191410658607915,0.43789462123137585,0.4595886029430108],[0.002959310552597859,0.0,0.00015007964372634852,0.22313579670718126,0.4022177974801945,0.4082791837251731,0.430032628059041],[0.006414675007697492,0.00015007964372634852,0.0,4.873871803331986e-8,0.20692117800115406,0.21301615137378882,0.23104050558173259],[0.25323260955608456,0.22313579670718126,4.873871803331986e-8,0.0,-0.0014110522198422727,0.006490646601593842,0.04231985828964805],[0.43191410658607915,0.4022177974801945,0.20692117800115406,-0.0014110522198422727,0.0,0.001650039106607437,0.013896730135247913],[0.43789462123137585,0.4082791837251731,0.21301615137378882,0.006490646601593842,0.001650039106607437,0.0,-0.0001749992370605466],[0.4595886029430108,0.430032628059041,0.23104050558173259,0.04231985828964805,0.013896730135247913,-0.0001749992370605466,0.0]],"maximums":[[0.0,0.002959330859047017,0.015575284149010502,0.4351598281691146,0.8422032170545143,0.913063089018094,0.9356514065884289],[0.002959330859047017,0.0,0.00015007964372656946,0.30883634140809707,0.7170105542802375,0.7900929181789115,0.8248323299550292],[0.015575284149010502,0.00015007964372656946,0.0,4.8738718394503167e-8,0.2954345167960573,0.3821987579835216,0.4077104546651641],[0.4351598281691146,0.30883634140809707,4.8738718394503167e-8,0.0,-0.0014098450110954846,0.01431754404419024,0.09488660491412365],[0.8422032170545143,0.7170105542802375,0.2954345167960573,-0.0014098450110954846,0.0,0.0016500391066075065,0.013953500307130134],[0.913063089018094,0.7900929181789115,0.3821987579835216,0.01431754404419024,0.0016500391066075065,0.0,-0.00017499923706044973],[0.9356514065884289,0.8248323299550292,0.4077104546651641,0.09488660491412365,0.013953500307130134,-0.00017499923706044973,0.0]],"minimums":[[0.0,0.002959308480858798,-0.03946773010206025,-0.09238964251955986,-0.02642634823072897,-0.03674141966136545,-0.02749834439728382],[0.002959308480858798,0.0,0.00015007964372612537,-0.07789904166015743,-0.006849938577413658,-0.02496852502204236,-0.04740582976895151],[-0.03946773010206025,0.00015007964372612537,0.0,4.873871765898041e-8,-0.07785366444587721,-0.10187954437396607,-0.08792416111473418],[-0.09238964251955986,-0.07789904166015743,4.873871765898041e-8,0.0,-0.0014117780041719014,-0.02053220993807304,-0.04451794747749398],[-0.02642634823072897,-0.006849938577413658,-0.07785366444587721,-0.0014117780041719014,0.0,0.0016500391066073677,0.01384318048428994],[-0.03674141966136545,-0.02496852502204236,-0.10187954437396607,-0.02053220993807304,0.0016500391066073677,0.0,-0.00017499923706064402],[-0.02749834439728382,-0.04740582976895151,-0.08792416111473418,-0.04451794747749398,0.01384318048428994,-0.00017499923706064402,0.0]]},"full_obbs":{"averages":[[0.0,0.01030387779326763,-0.01999097067381525,0.19407444246729771,0.40486738117524984,0.4092158347141192,0.4311424576341575],[0.01030387779326763,0.0,0.0039946686387062275,0.1775633032283926,0.38420416515726946,0.38645777363962247,0.40947624039281716],[-0.01999097067381525,0.0039946686387062275,0.0,0.02613574404671457,0.2808448977916015,0.26856214413370144,0.2884878174687886],[0.19407444246729771,0.1775633032283926,0.02613574404671457,0.0,0.08941434203685622,0.0900727806183514,0.10874484910329547],[0.40486738117524984,0.38420416515726946,0.2808448977916015,0.08941434203685622,0.0,-0.007268815471950149,0.022000864301756958],[0.4092158347141192,0.38645777363962247,0.26856214413370144,0.0900727806183514,-0.007268815471950149,0.0,0.0029196938922480854],[0.4311424576341575,0.40947624039281716,0.2884878174687886,0.10874484910329547,0.022000864301756958,0.0029196938922480854,0.0]],"maximums":[[0.0,0.010303877793267378,0.017387820526462667,0.441653368522647,0.850073782828219,0.845162183073005,0.9031808823561285],[0.010303877793267378,0.0,0.003994668638706372,0.30472308731709025,0.7060593418521208,0.7126607779885743,0.8101519781631624],[0.017387820526462667,0.003994668638706372,0.0,0.09493231616546306,0.5063806738295804,0.5025452152397466,0.5967445401612069],[0.441653368522647,0.30472308731709025,0.09493231616546306,0.0,0.1087417031281172,0.11280831864093419,0.2062145143910463],[0.850073782828219,0.7060593418521208,0.5063806738295804,0.1087417031281172,0.0,0.011671841915414056,0.033649399011086885],[0.845162183073005,0.7126607779885743,0.5025452152397466,0.11280831864093419,0.011671841915414056,0.0,0.015015554733817032],[0.9031808823561285,0.8101519781631624,0.5967445401612069,0.2062145143910463,0.033649399011086885,0.015015554733817032,0.0]],"minimums":[[0.0,0.010303877793267366,-0.04842902450559235,0.021493746215386387,-0.07488592629763728,-0.05189736834612583,-0.03149034455569315],[0.010303877793267366,0.0,0.003994668638705984,0.08424412969629749,-0.0912767160147429,-0.02098102551233534,-0.013454333660273612],[-0.04842902450559235,0.003994668638705984,0.0,-0.003005422341823827,0.010417701986431882,-0.10523144889112448,-0.09775991565909871],[0.021493746215386387,0.08424412969629749,-0.003005422341823827,0.0,0.08252900360030702,0.07475538243412408,0.00787320516546182],[-0.07488592629763728,-0.0912767160147429,0.010417701986431882,0.08252900360030702,0.0,-0.01455803093633086,0.008282854603730794],[-0.05189736834612583,-0.02098102551233534,-0.10523144889112448,0.07475538243412408,-0.01455803093633086,0.0,-0.002486837470746628],[-0.03149034455569315,-0.013454333660273612,-0.09775991565909871,0.00787320516546182,0.008282854603730794,-0.002486837470746628,0.0]]},"full_bounding_spheres":{"averages":[[0.0,-0.14739376266499,-0.23471482916988826,0.05323892038540973,0.3304063809818212,0.3466840502071297,0.4077317997476991],[-0.14739376266499,0.0,-0.2894378177785483,0.02124590521366743,0.2971576135076516,0.3142413326811929,0.3758529645185855],[-0.23471482916988826,-0.2894378177785483,0.0,-0.12318274406505893,0.15629087190296628,0.13763600427660638,0.2001777961957169],[0.05323892038540973,0.02124590521366743,-0.12318274406505893,0.0,0.019498357265603894,0.030729074680341466,0.09157001688776006],[0.3304063809818212,0.2971576135076516,0.15629087190296628,0.019498357265603894,0.0,-0.10865601057425067,-0.01629560897027215],[0.3466840502071297,0.3142413326811929,0.13763600427660638,0.030729074680341466,-0.10865601057425067,0.0,-0.053982736343717655],[0.4077317997476991,0.3758529645185855,0.2001777961957169,0.09157001688776006,-0.01629560897027215,-0.053982736343717655,0.0]],"maximums":[[0.0,-0.14739376266499077,-0.23471482916988665,0.13842993000899856,0.7012240374573669,0.7079856411557522,0.8467835585097881],[-0.14739376266499077,0.0,-0.28943781777854727,0.02124590521366765,0.5840822089452544,0.5915359805092091,0.7367231573089379],[-0.23471482916988665,-0.28943781777854727,0.0,-0.12318274406505597,0.43198539661595314,0.4240584430744565,0.569938669659904],[0.13842993000899856,0.02124590521366765,-0.12318274406505597,0.0,0.01949835726560445,0.030729074680342805,0.1759733221837516],[0.7012240374573669,0.5840822089452544,0.43198539661595314,0.01949835726560445,0.0,-0.1086560105742504,-0.016295608970271602],[0.7079856411557522,0.5915359805092091,0.4240584430744565,0.030729074680342805,-0.1086560105742504,0.0,-0.05398273634371614],[0.8467835585097881,0.7367231573089379,0.569938669659904,0.1759733221837516,-0.016295608970271602,-0.05398273634371614,0.0]],"minimums":[[0.0,-0.14739376266499077,-0.23471482916988684,-0.03975348947866081,-0.18539071611885846,-0.09512799191909928,-0.04140375703948716],[-0.14739376266499077,0.0,-0.2894378177785477,0.021245905213666594,-0.19680445830283896,-0.11900724644266461,-0.07015784273274807],[-0.23471482916988684,-0.2894378177785477,0.0,-0.1231827440650578,-0.26987873472100166,-0.35136587618140547,-0.3104572264332402],[-0.03975348947866081,0.021245905213666594,-0.1231827440650578,0.0,0.019498357265602784,0.030729074680340973,-0.007935389729885278],[-0.18539071611885846,-0.19680445830283896,-0.26987873472100166,0.019498357265602784,0.0,-0.10865601057425087,-0.016295608970272296],[-0.09512799191909928,-0.11900724644266461,-0.35136587618140547,0.030729074680340973,-0.10865601057425087,0.0,-0.05398273634371677],[-0.04140375703948716,-0.07015784273274807,-0.3104572264332402,-0.007935389729885278,-0.016295608970272296,-0.05398273634371677,0.0]]},"decomposition_convex_hulls":{"averages":[[0.0,0.016899541961149688,0.02923523139747536,0.03883147157839355,0.0,0.030147957333877665,0.02227720848442254,0.06798292671989423,0.07811272046660547,0.049695211451661836,0.1026174818908184,0.11832955508331221,0.14255028345369752,0.237773634515835,0.124987817960966,0.3529098868288267,0.08606104501748313,0.1046712099083489,0.3751808519689363,0.3791830462670734,0.3949150954763622,0.46698145648198724,0.3673601348496897,0.36940363146245553,0.35194642900171974,0.35759033199370105,0.48662259977593403,0.5022390903822732,0.49402470801095544,0.504800750104026,0.5014282598848345,0.49990740565028435,0.5074535611447004,0.5082490833180378,0.5051481731440268,0.506181059174512,0.5041021914317768,0.4989090952115261,0.5418364608118262,0.5143246070080454,0.5228673219162591,0.5241930998827504,0.5248521721619066,0.5204408291385307,0.5164632380870028,0.5299704118453978,0.5306877368898124],[0.016899541961149688,0.0,0.005775300785899162,0.0,0.0,0.0,0.0011656277682781126,0.0011656277682781126,0.00862678729085113,0.03485647895002336,0.08960411258602063,0.10539669849538662,0.08487480840699559,0.19359281822712188,0.06410067335407908,0.3144588791152726,0.01663627060696166,0.03743631024046226,0.33803986722692103,0.34123500391437145,0.3600556085520946,0.43070831907779517,0.3314187296384518,0.33260261529457213,0.3137541033022912,0.31790290594869836,0.44636885183365627,0.4619904605308277,0.45399915617659975,0.46486135530594447,0.4615484526955993,0.45996877403283687,0.4678064933835252,0.4682700889825176,0.46519843316632004,0.4667158049869579,0.4642218851601332,0.45925209516487836,0.5024807839298588,0.4751449857712444,0.4838594353609351,0.485052010459412,0.48575196277781574,0.4816862640442583,0.4772913321753374,0.4912561937731908,0.4915235890042725],[0.02923523139747536,0.005775300785899162,0.0,0.0,0.0,0.06785978376865387,0.01416005500221283,0.029954572501040385,0.04026641986863009,0.047850906183958444,0.10259853981995451,0.11839112572932063,0.10633352902182822,0.20747304310696693,0.08744394957923163,0.3259263942575122,0.045648886210737497,0.06658534741268932,0.3492407918822146,0.3520404962944757,0.3712774250528209,0.4422470002377279,0.34279287901148353,0.34417603167951916,0.32594755224930283,0.33056644989088896,0.4592546865150039,0.47458511455883984,0.46665958640564054,0.4773736083721823,0.47409727027569604,0.4726302412100381,0.4802306211487248,0.48057399487262004,0.4775557397837505,0.4790832315069701,0.47658920121871334,0.4716414681620482,0.5148194360358003,0.48739177634406394,0.49612079870073555,0.49729211443864413,0.4979783768123218,0.49377200477797845,0.48961441711060966,0.5033476596749956,0.5038521021826481],[0.03883147157839355,0.0,0.0,0.0,0.0,0.06785978376865387,0.008384754216313583,0.026531109689008663,0.03792446836775247,0.04207560539805903,0.09682323903405556,0.11261582494342165,0.10955412395539725,0.21312109507300608,0.08974367302597736,0.3322609381266214,0.04540209473475309,0.0660439111069572,0.35547562280439726,0.35879317349128703,0.3771278136970067,0.44752093457351855,0.3485912940836851,0.3500195400044029,0.3313025569295532,0.33593185092650285,0.4646821035506667,0.48026451978186707,0.4723178740832418,0.48319206191548303,0.47971967122037124,0.4781936127072269,0.4860740176141817,0.4865886834479217,0.48357064242388764,0.48518041857446187,0.48262703869532875,0.4776802402688687,0.5209994421742853,0.4935584897847516,0.5023178595386445,0.5034789671662214,0.5041702871323103,0.4999058097741815,0.49578554933325486,0.5095230115112248,0.510059547720543],[0.0,0.0,0.0,0.0,0.0,0.0,0.008384754216313583,0.00925124800182133,0.01924723238180696,0.04207560539805903,0.09682323903405556,0.11261582494342165,0.08718273060939993,0.19110279725462426,0.06761135267148914,0.3107230320694768,0.02466295994521715,0.04526027969495439,0.3342500212682882,0.33698791316441146,0.3563340935721491,0.42768359617650004,0.3278890924985719,0.32914802315725616,0.3106241038978957,0.31520895642762503,0.4439068923678255,0.4592716863700083,0.4512615997606733,0.46206695796612046,0.4588726452390794,0.45734257865705785,0.4648897976452136,0.4651941423524415,0.46217685536101966,0.4634767488777952,0.4612110346105328,0.4561760482443958,0.4990793963403422,0.4717930359737274,0.4803689609524374,0.4815780685389914,0.482256082763986,0.4782417136429539,0.4739233510172099,0.4877081603114346,0.4880522606221235],[0.030147957333877665,0.0,0.06785978376865387,0.06785978376865387,0.0,0.0,0.008384754216313583,0.028368704067620654,0.03969903123775621,0.04207560539805903,0.09682323903405556,0.11261582494342165,0.10673208862762534,0.20651142433182634,0.08796889725701118,0.3246042497713442,0.04683968407346429,0.0669343076072127,0.3476658938728979,0.3509128983662765,0.3685675013124092,0.4408606787158448,0.3405630458428822,0.3421825364372663,0.32438606474540416,0.32945651714706914,0.45872282949988263,0.47442437308712365,0.466227357116445,0.47700409450312475,0.47384205586062295,0.4722768702772054,0.47975972499900127,0.4798204363122483,0.47683351557471587,0.47832307785588246,0.4758757948542611,0.47090156434364916,0.5138057600897868,0.48666700269548263,0.4953513514785187,0.4965581977535255,0.49724621592583573,0.4933143194159143,0.48876618204801814,0.5028031144075973,0.5029772682581011],[0.02227720848442254,0.0011656277682781126,0.01416005500221283,0.008384754216313583,0.008384754216313583,0.008384754216313583,0.0,0.0,0.011581230908632278,0.0,0.05474763363599777,0.07054021954536438,0.0686174820112562,0.18110545352485322,0.048345652113991514,0.304075184509301,0.02009568989242114,0.027650698541588855,0.3273983709700333,0.33141578554411144,0.34912485546580296,0.4187996671213669,0.3204716801745844,0.32163173347676266,0.3025888849171781,0.306728751942279,0.43526701806530005,0.4505481915614945,0.44289819352875925,0.4535987323795351,0.45018582837359045,0.44872112618017446,0.4564965851768145,0.45707506278564836,0.45410301048468177,0.4556796595719278,0.45315760310338665,0.44821019900277076,0.4915429392148186,0.46415979391842876,0.47310504371636103,0.47417897860954844,0.4748960694429106,0.4708295892818476,0.4663904035156635,0.48052554854808255,0.4807622740502474],[0.06798292671989423,0.0011656277682781126,0.029954572501040385,0.026531109689008663,0.00925124800182133,0.028368704067620654,0.0,0.0,0.0,0.0,0.0,0.0,0.03473401395140093,0.15061819974896543,0.017077788256117745,0.27701443223207967,0.00851086414456352,0.008510864144563523,0.3016847923681398,0.3045529411134953,0.32836827821651887,0.39968982845589884,0.29775387604000636,0.29713057475741633,0.2837134982039325,0.28479170275292426,0.41062084890668904,0.42378790675979333,0.41742823462872974,0.4272918561337388,0.424108482366781,0.42339349476748284,0.4301077869176054,0.4304692531308561,0.4275253398469478,0.42955879300983557,0.4267229694751038,0.42195555132338347,0.46604174663066916,0.43852310527102717,0.44809703164236436,0.4491079654129145,0.4499520251691027,0.44510668160022226,0.44084130737809857,0.45544648876361066,0.455798745697919],[0.07811272046660547,0.00862678729085113,0.04026641986863009,0.03792446836775247,0.01924723238180696,0.03969903123775621,0.011581230908632278,0.0,0.0,0.011581230908632277,0.011581230908632278,0.011581230908632278,0.029378320216360047,0.1542850768697129,0.0065497236744899556,0.2821779048352293,-0.002017525219917283,-0.0020175252199172836,0.30755722163621746,0.30900547954512886,0.3354893404859254,0.4068876162851885,0.30455592231968365,0.3032684802264339,0.29176048357459855,0.2920421073262813,0.4150172882409872,0.42707057165429696,0.4211670780553412,0.4305914259596257,0.4276521113256195,0.42741278331224286,0.4334844313566769,0.43364070405208427,0.43059252673231213,0.43244786177196953,0.42971813475628695,0.424943906144462,0.4691823843900171,0.4416112147947164,0.45129110938728884,0.4523723531380649,0.4532234914792529,0.44819627952532193,0.44390357038660955,0.4586548583918054,0.45896661950539447],[0.049695211451661836,0.03485647895002336,0.047850906183958444,0.04207560539805903,0.04207560539805903,0.04207560539805903,0.0,0.0,0.011581230908632277,0.0,0.0,0.015792585909366608,0.05205090203499742,0.16693357741260134,0.03267915710425621,0.2925619455211612,0.020092095053196018,0.020116478705946142,0.31676033677420845,0.32006225049919707,0.33902205367951077,0.40824703754896613,0.3103718212898357,0.3113422597754082,0.292470352810341,0.29654942995813766,0.4245944639662944,0.4387908847010804,0.4319239989701432,0.4421847396244808,0.4388285032346245,0.43773730005569883,0.4450837252285454,0.4456196101896249,0.4426708216188045,0.4443915349105053,0.44179956189415637,0.4369264895035196,0.48040379527215143,0.45293232926723154,0.46206011128730273,0.46308106490547396,0.4638156137858739,0.4596385984541938,0.45530142700436776,0.46939637009348356,0.46974924096028337],[0.1026174818908184,0.08960411258602063,0.10259853981995451,0.09682323903405556,0.09682323903405556,0.09682323903405556,0.05474763363599777,0.0,0.011581230908632278,0.0,0.0,0.0,0.06453183839949568,0.18038655037440496,0.043143600207359425,0.30484204640663115,0.020092095053196014,0.024394731766878706,0.3286882484425874,0.33230406756456426,0.35087347402317576,0.4208163585879783,0.3221720144276743,0.3232449585659183,0.30444675077806144,0.3085453222829989,0.4364133340916801,0.45103673766051205,0.4439338881430522,0.45469070711685544,0.4509797734477071,0.4497393343371762,0.45772667604537354,0.4581332016118315,0.4550871074500433,0.45693537155407216,0.45415984022352063,0.44934044042940485,0.49300266940255044,0.4654204205081389,0.474656307844389,0.4755555868605451,0.47628592861708335,0.4722451694236111,0.4679208535237699,0.4819529157401739,0.4823216212649312],[0.11832955508331221,0.10539669849538662,0.11839112572932063,0.11261582494342165,0.11261582494342165,0.11261582494342165,0.07054021954536438,0.0,0.011581230908632278,0.015792585909366608,0.0,0.0,0.06942701091937374,0.18119609087246819,0.049459476766431504,0.30365081372431946,0.02018711960209317,0.028664550429887345,0.32698709834435846,0.3310713285271206,0.3492012771636274,0.41993487411161795,0.32025230837581037,0.32124683378505303,0.3029933432104354,0.306963491155271,0.4357060405074694,0.4508184617310166,0.44354104802814287,0.45470612117232034,0.4506415502873148,0.449217261595326,0.45774534948612433,0.4582764993500369,0.4552384714260932,0.4570747265816648,0.4543516870501917,0.44949490691784394,0.4930187050017178,0.46543652929012075,0.4747276794531453,0.4755823706576745,0.47632604449453936,0.47234611789136327,0.46796171909223455,0.4820349436736867,0.48236878250892357],[0.14255028345369752,0.08487480840699559,0.10633352902182822,0.10955412395539725,0.08718273060939993,0.10673208862762534,0.0686174820112562,0.03473401395140093,0.029378320216360047,0.05205090203499742,0.06453183839949568,0.06942701091937374,0.0,0.0,0.0,0.12850387394428253,0.05568500980734825,0.025700774043798447,0.15420465171337128,0.15420465171337128,0.18933427983842271,0.3292731648551429,0.15723538177876636,0.15160684203403002,0.18276161081556114,0.17821545745472533,0.331141061361641,0.33487753824457145,0.3300551495292729,0.33913546736823397,0.33592909362887624,0.3364932699642365,0.3420021641060855,0.340992189933172,0.33799931155082036,0.33936882708153604,0.3369870024392576,0.3321220953325769,0.3762463511972218,0.34807217782305166,0.3577444152533788,0.358370116521412,0.3591639195934645,0.35476110042635145,0.35092288086554,0.36479759517688504,0.36549065966056626],[0.237773634515835,0.19359281822712188,0.20747304310696693,0.21312109507300608,0.19110279725462426,0.20651142433182634,0.18110545352485322,0.15061819974896543,0.1542850768697129,0.16693357741260134,0.18038655037440496,0.18119609087246819,0.0,0.0,0.12850386649370193,0.0,0.18418887630105021,0.15420464053750038,0.025700777769088745,0.025700777769088745,0.07951140281138952,0.2955947821039043,0.049714125356183095,0.026820169145624222,0.10489326463013578,0.09316159173240522,0.29586991076395996,0.30078716065865957,0.2959297101052786,0.3048837465379603,0.301889054023215,0.30246430582087624,0.30764455428791165,0.30569307707138244,0.3028869511405781,0.30442099059454686,0.30195235483612864,0.29718863473266505,0.3406214703059375,0.31264726088932937,0.32208967581020176,0.3225945727005454,0.32330798216289386,0.3196156376328273,0.3157060989183037,0.3292255725416264,0.32989280261991416],[0.124987817960966,0.06410067335407908,0.08744394957923163,0.08974367302597736,0.06761135267148914,0.08796889725701118,0.048345652113991514,0.017077788256117745,0.0065497236744899556,0.03267915710425621,0.043143600207359425,0.049459476766431504,0.0,0.12850386649370193,0.0,0.25700774043798447,0.029984235763549805,-6.938893903907232e-21,0.2827085182070732,0.2827085182070732,0.31199785592843404,0.3890867660422253,0.2819099782792322,0.27913754531959617,0.27356084589427926,0.27161661946667,0.3925699557934746,0.3971602872767871,0.3916826513586628,0.4011591557051386,0.3978448701171063,0.39823397431581486,0.40457520516916645,0.404797408022663,0.4015565695771944,0.4029021483128966,0.4003448993927462,0.39578683088649574,0.43970679175141686,0.4117447563357236,0.420946142899573,0.4219380703190239,0.4227291114134101,0.41834174177459305,0.41432208418569455,0.4282069845656149,0.4287867007539376],[0.3529098868288267,0.3144588791152726,0.3259263942575122,0.3322609381266214,0.3107230320694768,0.3246042497713442,0.304075184509301,0.27701443223207967,0.2821779048352293,0.2925619455211612,0.30484204640663115,0.30365081372431946,0.12850387394428253,0.0,0.25700774043798447,0.0,0.3126927502453327,0.2827085144817829,0.0,0.0,0.058307842108010675,0.31582431915128056,0.035330865927109524,0.004539265206489683,0.08835755658149945,0.07567098346998007,0.31536893128811166,0.3213852960572716,0.31655874994027505,0.32534045258469274,0.3224956372018273,0.3231043018360307,0.32798221028761254,0.32533487094974645,0.32264220864597654,0.3242811272942273,0.3218071236330201,0.31715743941898566,0.36005880570183046,0.33244759043438865,0.34148172630440526,0.3421395000316773,0.3428048945794987,0.3393518981298364,0.3353129049438777,0.34868727412072803,0.349225317849412],[0.08606104501748313,0.01663627060696166,0.045648886210737497,0.04540209473475309,0.02466295994521715,0.04683968407346429,0.02009568989242114,0.00851086414456352,-0.002017525219917283,0.020092095053196018,0.020092095053196014,0.02018711960209317,0.05568500980734825,0.18418887630105021,0.029984235763549805,0.3126927502453327,0.0,1.179611963664229e-19,0.33839352801442146,0.33839352801442146,0.3638912823767883,0.4156130992486009,0.33561920913648946,0.33415528667778993,0.3109110818671955,0.3110928693540569,0.42184270818399466,0.42911061696635483,0.42308719157059765,0.4321872053144439,0.4296612583173756,0.4298925232719311,0.43530454094229803,0.4344481883318941,0.4315569892556313,0.4323084644532861,0.43054485911171647,0.4257879750089945,0.4681048115231563,0.44057786826424833,0.44897549467972747,0.45013019304465823,0.45079999360840217,0.44722499833049445,0.4428524142407704,0.45629735585188475,0.4566032155430437],[0.1046712099083489,0.03743631024046226,0.06658534741268932,0.0660439111069572,0.04526027969495439,0.0669343076072127,0.027650698541588855,0.008510864144563523,-0.0020175252199172836,0.020116478705946142,0.024394731766878706,0.028664550429887345,0.025700774043798447,0.15420464053750038,-6.938893903907232e-21,0.2827085144817829,1.179611963664229e-19,0.0,0.30840929225087166,0.30840929225087166,0.3352969481191629,0.39996351465457936,0.3057886280089657,0.30419170050615363,0.29024302349359526,0.2892756083262815,0.4039493034256437,0.409648366634768,0.4029938695972585,0.4131443608161673,0.409726298039473,0.4096361440929444,0.41677074009032333,0.4167971067610881,0.4136640731618636,0.41480378435545295,0.4125188001258588,0.4079237785534085,0.4515009194545218,0.4235953082239072,0.43263077159358115,0.4336218227919512,0.43437477711255396,0.43026753912327775,0.4261603826266956,0.43994270739793445,0.44044493321936656],[0.3751808519689363,0.33803986722692103,0.3492407918822146,0.35547562280439726,0.3342500212682882,0.3476658938728979,0.3273983709700333,0.3016847923681398,0.30755722163621746,0.31676033677420845,0.3286882484425874,0.32698709834435846,0.15420465171337128,0.025700777769088745,0.2827085182070732,0.0,0.33839352801442146,0.30840929225087166,0.0,-9.577417506047534e-36,0.011363888955578006,0.2896040433636515,0.026744360414147895,-0.004070110309124033,0.04940585546646766,0.030060479345660217,0.2894700448601105,0.2988335007436558,0.29402301467932807,0.30300293186971017,0.300103495785425,0.30070964741205725,0.3056777449596118,0.3034445632869346,0.3006679863137205,0.3025194924670616,0.2997598618789201,0.2951052237580031,0.3386964408888797,0.3110545120685528,0.3205035601135135,0.321192692443797,0.32195098915063564,0.3179402735544737,0.3138728521781867,0.3278693082289218,0.32832659772636685],[0.3791830462670734,0.34123500391437145,0.3520404962944757,0.35879317349128703,0.33698791316441146,0.3509128983662765,0.33141578554411144,0.3045529411134953,0.30900547954512886,0.32006225049919707,0.33230406756456426,0.3310713285271206,0.15420465171337128,0.025700777769088745,0.2827085182070732,0.0,0.33839352801442146,0.30840929225087166,-9.577417506047534e-36,0.0,0.04132927631943693,0.288827561516026,0.05672859245240802,0.02591412172913601,0.07550166474629408,0.04961951127392059,0.2875430360368781,0.29384561444881,0.28906492628605873,0.2979175477499159,0.29496590550868784,0.2956085088141191,0.30055822737823806,0.29790444991963827,0.2952990544547342,0.2967971749256868,0.2944481462552945,0.2897701809860455,0.3323409597507749,0.3047000510041668,0.31362456404299494,0.3142898306368201,0.31492796320473904,0.3116700812839428,0.30763701789666714,0.32090053516385464,0.32139249781158136],[0.3949150954763622,0.3600556085520946,0.3712774250528209,0.3771278136970067,0.3563340935721491,0.3685675013124092,0.34912485546580296,0.32836827821651887,0.3354893404859254,0.33902205367951077,0.35087347402317576,0.3492012771636274,0.18933427983842271,0.07951140281138952,0.31199785592843404,0.058307842108010675,0.3638912823767883,0.3352969481191629,0.011363888955578006,0.04132927631943693,0.0,0.26577480882406235,-1.5718956949765895e-36,0.0,0.0,0.0,0.2667290780538483,0.2792467590021992,0.27317286196593527,0.2834753655620061,0.2802508503706066,0.2793868064851096,0.2862081715794694,0.284642271579581,0.28184553483106056,0.2839713673074364,0.2809804587658403,0.2762052666809977,0.32005654080361,0.2925534050724142,0.30210091119611443,0.30284784799275866,0.3035973724476863,0.29937211567761235,0.2952279113566367,0.30947668661948735,0.30982344056890015],[0.46698145648198724,0.43070831907779517,0.4422470002377279,0.44752093457351855,0.42768359617650004,0.4408606787158448,0.4187996671213669,0.39968982845589884,0.4068876162851885,0.40824703754896613,0.4208163585879783,0.41993487411161795,0.3292731648551429,0.2955947821039043,0.3890867660422253,0.31582431915128056,0.4156130992486009,0.39996351465457936,0.2896040433636515,0.288827561516026,0.26577480882406235,0.0,0.29273747280240064,0.2927374728024006,0.0,0.0,-0.0016369856894016249,0.006607096642255783,0.006607096642255782,0.006607096642255782,0.006607096642255782,0.006607096642255782,0.011499786664161581,0.04108197458712719,0.03137882138990268,0.04021828335488903,0.02891970714694163,0.023728340877106416,0.08749662246632564,0.058153857896631835,0.0743433931681427,0.07503492415547992,0.07705042358875384,0.06541690559627326,0.060580102841227,0.08260809494683356,0.08295225276168977],[0.3673601348496897,0.3314187296384518,0.34279287901148353,0.3485912940836851,0.3278890924985719,0.3405630458428822,0.3204716801745844,0.29775387604000636,0.30455592231968365,0.3103718212898357,0.3221720144276743,0.32025230837581037,0.15723538177876636,0.049714125356183095,0.2819099782792322,0.035330865927109524,0.33561920913648946,0.3057886280089657,0.026744360414147895,0.05672859245240802,-1.5718956949765895e-36,0.29273747280240064,0.0,-9.641197809580643e-36,0.02696266397833824,0.02696266397833824,0.29434229590473826,0.30682963343580555,0.30099840872985045,0.31103434551938625,0.30799003555506066,0.3069250410434089,0.31330397623411527,0.31067295526335853,0.3079028551116777,0.3100014083223804,0.3070595405860384,0.3022114414070684,0.3459181470690551,0.3184959711993806,0.3278662852720813,0.328672946535174,0.3294002045441739,0.32526275297490076,0.3211405081466242,0.33523491076448586,0.33562426525174366],[0.36940363146245553,0.33260261529457213,0.34417603167951916,0.3500195400044029,0.32914802315725616,0.3421825364372663,0.32163173347676266,0.29713057475741633,0.3032684802264339,0.3113422597754082,0.3232449585659183,0.32124683378505303,0.15160684203403002,0.026820169145624222,0.27913754531959617,0.004539265206489683,0.33415528667778993,0.30419170050615363,-0.004070110309124033,0.02591412172913601,0.0,0.2927374728024006,-9.641197809580643e-36,0.0,0.031054277025869235,0.02696266397833824,0.2933236654128278,0.3034746613575969,0.29852391365950676,0.30767679188253083,0.3049406495730774,0.30512690584573027,0.31029724728515656,0.30792313690237066,0.3051858179193241,0.3071452100530321,0.3043019303078358,0.29960643016757194,0.34313260576637916,0.3155927620264085,0.3248926153483686,0.32562177745783333,0.32635364792846777,0.3224088464336439,0.3183434886403069,0.33223253790729496,0.33267066409139423],[0.35194642900171974,0.3137541033022912,0.32594755224930283,0.3313025569295532,0.3106241038978957,0.32438606474540416,0.3025888849171781,0.2837134982039325,0.29176048357459855,0.292470352810341,0.30444675077806144,0.3029933432104354,0.18276161081556114,0.10489326463013578,0.27356084589427926,0.08835755658149945,0.3109110818671955,0.29024302349359526,0.04940585546646766,0.07550166474629408,0.0,0.0,0.02696266397833824,0.031054277025869235,0.0,-6.765421556309548e-20,0.036940841907143224,0.0574762396864754,0.04716665284801924,0.05897559517579922,0.05115026676479089,0.048760758910557825,0.06458621109014483,0.08474091622832693,0.08080220068940296,0.08558926771285834,0.07955665664876065,0.07344469530047336,0.12335285178266163,0.09611171024265473,0.1089379880418135,0.10974417400581876,0.11101693858684174,0.10241342713869513,0.09811229701976146,0.11624800852490673,0.11637622295266571],[0.35759033199370105,0.31790290594869836,0.33056644989088896,0.33593185092650285,0.31520895642762503,0.32945651714706914,0.306728751942279,0.28479170275292426,0.2920421073262813,0.29654942995813766,0.3085453222829989,0.306963491155271,0.17821545745472533,0.09316159173240522,0.27161661946667,0.07567098346998007,0.3110928693540569,0.2892756083262815,0.030060479345660217,0.04961951127392059,0.0,0.0,0.02696266397833824,0.02696266397833824,-6.765421556309548e-20,0.0,0.006392156750248398,0.03778692166032309,0.02048927061319098,0.04000271409304816,0.027867065807350534,0.02455975165199456,0.04833492693854031,0.07124882133660963,0.06595217466666248,0.07155128231992694,0.06419016920488065,0.058657712455344874,0.11199891213840811,0.08392241577697201,0.09791243487687103,0.09870791614996303,0.1003646230577658,0.09048144924710913,0.08609483560472984,0.10575423771044891,0.10593033408215113],[0.48662259977593403,0.44636885183365627,0.4592546865150039,0.4646821035506667,0.4439068923678255,0.45872282949988263,0.43526701806530005,0.41062084890668904,0.4150172882409872,0.4245944639662944,0.4364133340916801,0.4357060405074694,0.331141061361641,0.29586991076395996,0.3925699557934746,0.31536893128811166,0.42184270818399466,0.4039493034256437,0.2894700448601105,0.2875430360368781,0.2667290780538483,-0.0016369856894016249,0.29434229590473826,0.2933236654128278,0.036940841907143224,0.006392156750248398,0.0,0.0,-9.71445146547012e-20,0.0,4.05496570216048e-36,7.253112287909123e-36,0.009900855946165816,0.03866589401250875,0.029152894912513723,0.03765898784316578,0.026487380204545715,0.022102140039641147,0.08741677324097404,0.05700036562413789,0.07627749269070763,0.07678779044802271,0.07917623554953267,0.0644113953857082,0.059566991602031695,0.08452343824910238,0.08492655306873756],[0.5022390903822732,0.4619904605308277,0.47458511455883984,0.48026451978186707,0.4592716863700083,0.47442437308712365,0.4505481915614945,0.42378790675979333,0.42707057165429696,0.4387908847010804,0.45103673766051205,0.4508184617310166,0.33487753824457145,0.30078716065865957,0.3971602872767871,0.3213852960572716,0.42911061696635483,0.409648366634768,0.2988335007436558,0.29384561444881,0.2792467590021992,0.006607096642255783,0.30682963343580555,0.3034746613575969,0.0574762396864754,0.03778692166032309,0.0,0.0,0.028854285832494497,0.06595265492796898,1.3632335655290669e-36,0.014839345589280128,0.08161763474345207,0.08986172080039978,0.08986172080039978,0.08986172080039978,0.08986172080039978,0.08986172080039978,0.1279585232405385,0.09883187029662927,0.10806380559137224,0.10870116287586706,0.11030020457341946,0.10790749314787013,0.10273652928085168,0.11744700329968795,0.11800320364748736],[0.49402470801095544,0.45399915617659975,0.46665958640564054,0.4723178740832418,0.4512615997606733,0.466227357116445,0.44289819352875925,0.41742823462872974,0.4211670780553412,0.4319239989701432,0.4439338881430522,0.44354104802814287,0.3300551495292729,0.2959297101052786,0.3916826513586628,0.31655874994027505,0.42308719157059765,0.4029938695972585,0.29402301467932807,0.28906492628605873,0.27317286196593527,0.006607096642255782,0.30099840872985045,0.29852391365950676,0.04716665284801924,0.02048927061319098,-9.71445146547012e-20,0.028854285832494497,0.0,-3.734022947035274e-37,0.014014940243214369,3.989863994746656e-20,0.015664979815483093,0.0239090658724308,0.0239090658724308,0.0239090658724308,0.0239090658724308,0.0239090658724308,0.0663372092552611,0.03445068554121517,0.05227026358666872,0.05280764540629327,0.05519628290077365,0.043332031344456845,0.03810768503201344,0.06103276829985866,0.06147101312081555],[0.504800750104026,0.46486135530594447,0.4773736083721823,0.48319206191548303,0.46206695796612046,0.47700409450312475,0.4535987323795351,0.4272918561337388,0.4305914259596257,0.4421847396244808,0.45469070711685544,0.45470612117232034,0.33913546736823397,0.3048837465379603,0.4011591557051386,0.32534045258469274,0.4321872053144439,0.4131443608161673,0.30300293186971017,0.2979175477499159,0.2834753655620061,0.006607096642255782,0.31103434551938625,0.30767679188253083,0.05897559517579922,0.04000271409304816,0.0,0.06595265492796898,-3.734022947035274e-37,0.0,0.05111330933868885,0.03709836909547448,0.0008256323635578158,0.009069718420505524,0.009069718420505524,0.009069718420505524,0.009069718420505524,0.009069718420505524,0.05499966150325959,0.021719522647251528,0.044301406416250494,0.04482294896232003,0.04748213795395625,0.030150375632956052,0.02492156772472567,0.05219109880503392,0.05257015431608324],[0.5014282598848345,0.4615484526955993,0.47409727027569604,0.47971967122037124,0.4588726452390794,0.47384205586062295,0.45018582837359045,0.424108482366781,0.4276521113256195,0.4388285032346245,0.4509797734477071,0.4506415502873148,0.33592909362887624,0.301889054023215,0.3978448701171063,0.3224956372018273,0.4296612583173756,0.409726298039473,0.300103495785425,0.29496590550868784,0.2802508503706066,0.006607096642255782,0.30799003555506066,0.3049406495730774,0.05115026676479089,0.027867065807350534,4.05496570216048e-36,1.3632335655290669e-36,0.014014940243214369,0.05111330933868885,0.0,-2.0816681711721686e-20,0.06677828915417194,0.07502237521111965,0.07502237521111965,0.07502237521111965,0.07502237521111965,0.07502237521111965,0.11313494084897412,0.0839564235997213,0.09359125144258276,0.09417356051978744,0.09582956044287702,0.09303213761304549,0.08786555030808618,0.10296092633959443,0.1035076737426965],[0.49990740565028435,0.45996877403283687,0.4726302412100381,0.4781936127072269,0.45734257865705785,0.4722768702772054,0.44872112618017446,0.42339349476748284,0.42741278331224286,0.43773730005569883,0.4497393343371762,0.449217261595326,0.3364932699642365,0.30246430582087624,0.39823397431581486,0.3231043018360307,0.4298925232719311,0.4096361440929444,0.30070964741205725,0.2956085088141191,0.2793868064851096,0.006607096642255782,0.3069250410434089,0.30512690584573027,0.048760758910557825,0.02455975165199456,7.253112287909123e-36,0.014839345589280128,3.989863994746656e-20,0.03709836909547448,-2.0816681711721686e-20,0.0,0.052763348910957575,0.06100743496790528,0.06100743496790528,0.06100743496790528,0.06100743496790528,0.06100743496790528,0.09964540676219867,0.07012286615776848,0.0809036573786257,0.08145688497628324,0.08324225969866916,0.0792024844617675,0.07401489590613494,0.09028255553534392,0.09077055220396321],[0.5074535611447004,0.4678064933835252,0.4802306211487248,0.4860740176141817,0.4648897976452136,0.47975972499900127,0.4564965851768145,0.4301077869176054,0.4334844313566769,0.4450837252285454,0.45772667604537354,0.45774534948612433,0.3420021641060855,0.30764455428791165,0.40457520516916645,0.32798221028761254,0.43530454094229803,0.41677074009032333,0.3056777449596118,0.30055822737823806,0.2862081715794694,0.011499786664161581,0.31330397623411527,0.31029724728515656,0.06458621109014483,0.04833492693854031,0.009900855946165816,0.08161763474345207,0.015664979815483093,0.0008256323635578158,0.06677828915417194,0.052763348910957575,0.0,0.0,-4.85722573273506e-20,0.0,-3.1882239648751035e-36,4.85722573273506e-20,0.048820316071691884,0.016099068835593484,0.04030949672193859,0.0408602906297726,0.04361629267465203,0.023533017404867705,0.018381697763328403,0.047416115971938906,0.0477807820071185],[0.5082490833180378,0.4682700889825176,0.48057399487262004,0.4865886834479217,0.4651941423524415,0.4798204363122483,0.45707506278564836,0.4304692531308561,0.43364070405208427,0.4456196101896249,0.4581332016118315,0.4582764993500369,0.340992189933172,0.30569307707138244,0.404797408022663,0.32533487094974645,0.4344481883318941,0.4167971067610881,0.3034445632869346,0.29790444991963827,0.284642271579581,0.04108197458712719,0.31067295526335853,0.30792313690237066,0.08474091622832693,0.07124882133660963,0.03866589401250875,0.08986172080039978,0.0239090658724308,0.009069718420505524,0.07502237521111965,0.06100743496790528,0.0,0.0,6.938893903907226e-21,0.06347947008907794,0.015663765370845795,0.027205487713217735,0.09129735914452215,0.07988791912794113,0.1084115207195282,0.1084115207195282,0.11094695329666138,0.07988791912794113,0.07988791912794113,0.11094695329666138,0.11094695329666138],[0.5051481731440268,0.46519843316632004,0.4775557397837505,0.48357064242388764,0.46217685536101966,0.47683351557471587,0.45410301048468177,0.4275253398469478,0.43059252673231213,0.4426708216188045,0.4550871074500433,0.4552384714260932,0.33799931155082036,0.3028869511405781,0.4015565695771944,0.32264220864597654,0.4315569892556313,0.4136640731618636,0.3006679863137205,0.2952990544547342,0.28184553483106056,0.03137882138990268,0.3079028551116777,0.3051858179193241,0.08080220068940296,0.06595217466666248,0.029152894912513723,0.08986172080039978,0.0239090658724308,0.009069718420505524,0.07502237521111965,0.06100743496790528,-4.85722573273506e-20,6.938893903907226e-21,0.0,0.047815704718232155,3.469446951953612e-21,0.01154172234237194,0.07563359740593563,0.06422415375709534,0.0927477553486824,0.0927477553486824,0.09528318792581558,0.06422415375709534,0.06422415375709534,0.09528318792581558,0.09528318792581558],[0.506181059174512,0.4667158049869579,0.4790832315069701,0.48518041857446187,0.4634767488777952,0.47832307785588246,0.4556796595719278,0.42955879300983557,0.43244786177196953,0.4443915349105053,0.45693537155407216,0.4570747265816648,0.33936882708153604,0.30442099059454686,0.4029021483128966,0.3242811272942273,0.4323084644532861,0.41480378435545295,0.3025194924670616,0.2967971749256868,0.2839713673074364,0.04021828335488903,0.3100014083223804,0.3071452100530321,0.08558926771285834,0.07155128231992694,0.03765898784316578,0.08986172080039978,0.0239090658724308,0.009069718420505524,0.07502237521111965,0.0610074349679052