(full_convex_hulls:(averages:[[0.0,0.000000011831521991467752,0.012443767056058534,0.29043216163887203,0.3712431717901511,0.40526140180608106,0.4163427526247068],[0.000000011831521991467752,0.0,-0.053466708658791766,0.2580674168346389,0.3409175750570917,0.3761657714316428,0.3870085468794398],[0.012443767056058534,-0.053466708658791766,0.0,-0.027526300002481182,0.12824429216543703,0.17717228688460812,0.20365414149786784],[0.29043216163887203,0.2580674168346389,-0.027526300002481182,0.0,-0.03727255556189281,0.01177336858929424,0.060940780155237365],[0.3712431717901511,0.3409175750570917,0.12824429216543703,-0.03727255556189281,0.0,-0.04043920587191857,0.014987607915616829],[0.40526140180608106,0.3761657714316428,0.17717228688460812,0.01177336858929424,-0.04043920587191857,0.0,0.000000058839377017352866],[0.4163427526247068,0.3870085468794398,0.20365414149786784,0.060940780155237365,0.014987607915616829,0.000000058839377017352866,0.0]],maximums:[[0.0,0.000000011831522005179007,0.012531825294648906,0.36249912137648466,0.587421703891769,0.6648294304269167,0.7247970593066344],[0.000000011831522005179007,0.0,-0.05346595598021009,0.2965128066064713,0.52182514578279,0.5988491710877607,0.6680474113447522],[0.012531825294648906,-0.05346595598021009,0.0,-0.024080749805017003,0.16034818718186472,0.23936244266780426,0.3107110204063062],[0.36249912137648466,0.2965128066064713,-0.024080749805017003,0.0,-0.03708589514673476,0.013082962029146685,0.08616449572817193],[0.587421703891769,0.52182514578279,0.16034818718186472,-0.03708589514673476,0.0,-0.039817303012031305,0.015948059053532457],[0.6648294304269167,0.5988491710877607,0.23936244266780426,0.013082962029146685,-0.039817303012031305,0.0,0.00000005883937716916199],[0.7247970593066344,0.6680474113447522,0.3107110204063062,0.08616449572817193,0.015948059053532457,0.00000005883937716916199,0.0]],minimums:[[0.0,0.000000011831521977423431,0.011367374871063742,0.07631265250202424,0.0061218768037094385,-0.00724910561053922,-0.0399154730787282],[0.000000011831521977423431,0.0,-0.05346772202798212,0.08229430917112673,0.014182240328518069,0.0016079659015718812,-0.04081453087032895],[0.011367374871063742,-0.05346772202798212,0.0,-0.04916292080844927,-0.07763730078381742,-0.08127885739160508,-0.0625488713337533],[0.07631265250202424,0.08229430917112673,-0.04916292080844927,0.0,-0.040650604756711076,0.006694872315325956,0.02978736302974179],[0.0061218768037094385,0.014182240328518069,-0.07763730078381742,-0.040650604756711076,0.0,-0.04082675015609953,0.014400416161309071],[-0.00724910561053922,0.0016079659015718812,-0.08127885739160508,0.006694872315325956,-0.04082675015609953,0.0,0.000000058839376912422914],[-0.0399154730787282,-0.04081453087032895,-0.0625488713337533,0.02978736302974179,0.014400416161309071,0.000000058839376912422914,0.0]]),full_obbs:(averages:[[0.0,-0.00374998272955418,-0.033601842738325984,0.24978481157620913,0.3639298534150457,0.3916648799112934,0.40863793423732664],[-0.00374998272955418,0.0,-0.04850959143940152,0.22221980434926683,0.3391831028981213,0.36762957047550643,0.38519119604752766],[-0.033601842738325984,-0.04850959143940152,0.0,0.0286775567212578,0.17687234465605345,0.22290388832578983,0.24927422997971255],[0.24978481157620913,0.22221980434926683,0.0286775567212578,0.0,0.013256330303994857,0.07300750877557148,0.11047116870490188],[0.3639298534150457,0.3391831028981213,0.17687234465605345,0.013256330303994857,0.0,-0.045994309046562154,0.0038196119744734612],[0.3916648799112934,0.36762957047550643,0.22290388832578983,0.07300750877557148,-0.045994309046562154,0.0,-0.016308215806391045],[0.40863793423732664,0.38519119604752766,0.24927422997971255,0.11047116870490188,0.0038196119744734612,-0.016308215806391045,0.0]],maximums:[[0.0,-0.003749982729554173,0.03972278985431749,0.3618918872144685,0.603813612654125,0.6616105419558905,0.7231433449524961],[-0.003749982729554173,0.0,-0.022501300118274434,0.2997925931828865,0.5420106538603998,0.6061711531170833,0.6657161845789028],[0.03972278985431749,-0.022501300118274434,0.0,0.08044446638810361,0.3312692764975384,0.3929271131307336,0.45229697299522986],[0.3618918872144685,0.2997925931828865,0.08044446638810361,0.0,0.040593191890384905,0.10542361497645872,0.166313296428531],[0.603813612654125,0.5420106538603998,0.3312692764975384,0.040593191890384905,0.0,-0.03829190975747872,0.024945190780669722],[0.6616105419558905,0.6061711531170833,0.3929271131307336,0.10542361497645872,-0.03829190975747872,0.0,-0.013798177547324455],[0.7231433449524961,0.6657161845789028,0.45229697299522986,0.166313296428531,0.024945190780669722,-0.013798177547324455,0.0]],minimums:[[0.0,-0.003749982729554187,-0.1092046172439571,0.13397810848662506,0.01289583498545715,-0.02103081971732675,-0.044607528076970535],[-0.003749982729554187,0.0,-0.0669769419896513,0.1638825320465056,0.036373820355623004,-0.011570475101014513,-0.04113494806195654],[-0.1092046172439571,-0.0669769419896513,0.0,-0.012005715605144185,-0.04986901318286589,-0.09074553853029783,-0.07475600565994327],[0.13397810848662506,0.1638825320465056,-0.012005715605144185,0.0,-0.0006752962752311076,0.042604922944005946,0.03705810101650525],[0.01289583498545715,0.036373820355623004,-0.04986901318286589,-0.0006752962752311076,0.0,-0.04980236359847065,-0.011182622256790994],[-0.02103081971732675,-0.011570475101014513,-0.09074553853029783,0.042604922944005946,-0.04980236359847065,0.0,-0.0643299839837099],[-0.044607528076970535,-0.04113494806195654,-0.07475600565994327,0.03705810101650525,-0.011182622256790994,-0.0643299839837099,0.0]]),full_bounding_spheres:(averages:[[0.0,-0.09827390689598742,-0.34670956634426026,0.18532418207921864,0.3140555960730876,0.329627224993526,0.3819856115678512],[-0.09827390689598742,0.0,-0.39016461790269497,0.15584120842712232,0.2873041845713887,0.3046381493705675,0.35840678870722886],[-0.34670956634426026,-0.39016461790269497,0.0,-0.169346693086047,-0.035664035868690075,-0.016727077793635768,0.038349243222920965],[0.18532418207921864,0.15584120842712232,-0.169346693086047,0.0,-0.013444892718398894,0.03847173555119763,0.10977499914388227],[0.3140555960730876,0.2873041845713887,-0.035664035868690075,-0.013444892718398894,0.0,-0.09566986046078914,-0.013857096326291158],[0.329627224993526,0.3046381493705675,-0.016727077793635768,0.03847173555119763,-0.09566986046078914,0.0,-0.07353224736428238],[0.3819856115678512,0.35840678870722886,0.038349243222920965,0.10977499914388227,-0.013857096326291158,-0.07353224736428238,0.0]],maximums:[[0.0,-0.09827390689598892,-0.34670956634426375,0.21254397305530698,0.5089945066187597,0.5803576302277907,0.6691443036409755],[-0.09827390689598892,0.0,-0.3901646179026898,0.16908894396659302,0.46558278210310844,0.5369743094028915,0.6257874498294221],[-0.34670956634426375,-0.3901646179026898,0.0,-0.169346693086046,0.12729767218364785,0.19897784847001587,0.2887944688012175],[0.21254397305530698,0.16908894396659302,-0.169346693086046,0.0,-0.013444892718398604,0.058339212139000785,0.14862596995060165],[0.5089945066187597,0.46558278210310844,0.12729767218364785,-0.013444892718398604,0.0,-0.0956698604607911,-0.005316395581394448],[0.5803576302277907,0.5369743094028915,0.19897784847001587,0.058339212139000785,-0.0956698604607911,0.0,-0.07353224736428064],[0.6691443036409755,0.6257874498294221,0.2887944688012175,0.14862596995060165,-0.005316395581394448,-0.07353224736428064,0.0]],minimums:[[0.0,-0.09827390689598892,-0.34670956634426375,0.12423575294519473,-0.005619737350493065,-0.07262574377136544,-0.07242273062140168],[-0.09827390689598892,0.0,-0.3901646179026898,0.12706405683095545,-0.0037820406863407763,-0.06513503280204994,-0.056496741921639976],[-0.34670956634426375,-0.3901646179026898,0.0,-0.1693466930860471,-0.3040627703421329,-0.36949687979110357,-0.3600706296597089],[0.12423575294519473,0.12706405683095545,-0.1693466930860471,0.0,-0.013444892718399382,-0.014847078909709294,0.034779333894329856],[-0.005619737350493065,-0.0037820406863407763,-0.3040627703421329,-0.013444892718399382,0.0,-0.09566986046079136,-0.0303348985082824],[-0.07262574377136544,-0.06513503280204994,-0.36949687979110357,-0.014847078909709294,-0.09566986046079136,0.0,-0.07353224736428095],[-0.07242273062140168,-0.056496741921639976,-0.3600706296597089,0.034779333894329856,-0.0303348985082824,-0.07353224736428095,0.0]]),decomposition_convex_hulls:(averages:[[0.0,0.0016815297947622729,0.0,0.012785421684384346,0.005966531112790108,0.031000088548202864,0.031019868786698997,-0.0012585451323539048,0.006013468563556732,0.01606081328855351,-0.0012585451323539048,-0.0012585451323539048,0.017123700258749562,-0.0012585451323539048,0.017894024050607252,0.053154601796298495,0.008205381483918002,0.2983208825978648,0.2625001920025517,0.07135155235807678,0.32658959892209305,0.32476771410322147,0.375805124510354,0.329776519277227,0.36659099005112256,0.3810927478396295,0.3928878739658149,0.386975853903633,0.3283857759926326,0.37040232391181716,0.3917574735928934,0.4062112600971359,0.4099615787670544,0.40175689390963676,0.4226818358799114,0.42034880182015927,0.4178158464940069,0.43937685788807956,0.4283596308803651,0.4429834743973011,0.4453000620006155,0.4179937881202254,0.43892186330452737],[0.0016815297947622729,0.0,0.0,0.0,0.0,0.06997118129390624,0.06953178132119861,0.03739559605876153,0.044672333072491,0.05609391436341497,0.03991904548385005,0.03489859164191486,0.05518646005350332,0.03784662797395774,0.05627818904209688,0.08977193862110594,0.04075933794892608,0.3231653874488222,0.2877646469002186,0.10742640873967413,0.35153774567136736,0.34948536131388186,0.4016556567389665,0.35552185868067654,0.3926555560809162,0.4069490089064132,0.4187282366440208,0.4121565414351618,0.35331238948842314,0.39512869734474254,0.417821006167523,0.43138874695673896,0.4347764522459515,0.4266694399674798,0.44711290008923027,0.446041157879553,0.44311496331570166,0.4642831020438974,0.45333145756351956,0.46793178736845054,0.4702302519050626,0.4429583465599319,0.463653072371811],[0.0,0.0,0.0,0.006818890571594238,0.0,0.05829050887373341,0.05824554043457048,0.029426464302464882,0.03669847799837572,0.03684892920309148,0.029426464302464886,0.029426464302464886,0.03798522081494614,0.029426464302464882,0.037462036053103276,0.08359086520947044,0.038890390918737215,0.31971259639794325,0.28427957488089267,0.10071920230366985,0.34852054868133,0.34611902723434596,0.39709481237022315,0.3518804278441134,0.3885562513812284,0.4027943932348389,0.4138146612033508,0.40713416385225937,0.350365015317366,0.39204746348730685,0.411892124368616,0.42595465659902076,0.42942403440075655,0.4208330640771618,0.44216506542200523,0.439980760278035,0.4364961041413655,0.4579723795118177,0.44736443359459044,0.4616852911363307,0.4638680093814896,0.4361318011709661,0.45651900716122107],[0.012785421684384346,0.0,0.006818890571594238,0.0,0.0,0.06860825939982673,0.0685755747189779,0.04221188598684982,0.049483899682760686,0.0468966390984335,0.04221188598684982,0.04221188598684982,0.04794677622622469,0.042211885986849815,0.04709986186066319,0.0960532474079985,0.05167581260312165,0.3253067016834644,0.29023861191855577,0.1120145284013532,0.3545214413562001,0.3516166721396587,0.40230442927922216,0.35780641600054297,0.3942787508987315,0.4083118381609086,0.41873013734738856,0.41148621977445515,0.35628212323008,0.39771603125808563,0.4160678187263617,0.4299606394894756,0.4332208586555046,0.4242902184873526,0.4460238138933012,0.44379059208083893,0.4395400352294116,0.4609025106559597,0.4506346754440618,0.46471990398336416,0.4667709643714766,0.4386820548482205,0.4585716791321358],[0.005966531112790108,0.0,0.0,0.0,0.0,0.06286253903450993,0.06276371269830068,0.03539299541525519,0.04266500911116616,0.04145568690540266,0.03539299541525519,0.03539299541525519,0.04244771016985849,0.03539299541525519,0.04184717774765782,0.08932377204119428,0.04485692203152735,0.32231711300335025,0.2870277107825506,0.10583577086407592,0.3513003485348509,0.34867677580930667,0.399567253689672,0.3546513650714431,0.39125973452074286,0.40540071950476175,0.41615906976144357,0.4092055397989398,0.35309729456758837,0.3946924863984426,0.413928551307236,0.4278833997744888,0.4312556535014576,0.42253614706468745,0.4440128631239232,0.4418664401156081,0.43805032091876017,0.4594821400339173,0.4490122664715087,0.46324112089919417,0.4653654540317616,0.4374673190476867,0.45764502022998554],[0.031000088548202864,0.06997118129390624,0.05829050887373341,0.06860825939982673,0.06286253903450993,0.0,0.10388591140508652,0.018699463456869125,0.0,0.0,0.004020321283214278,0.05003674292537862,0.10235167290837316,0.04749302118806237,0.10284866525451684,0.017179523226124312,-0.001690879464149475,0.26718066088691683,0.22979537256394036,0.04264316853745517,0.295965991406453,0.2951654116904324,0.34371765590624864,0.3004502893567624,0.3322299630473866,0.3479292267794031,0.36073534496842075,0.3551562260349871,0.29305468944982316,0.33531658953271104,0.3675902609741235,0.37673152532961557,0.38048258435034704,0.37398908364711725,0.3922429192306007,0.39664433157174384,0.39285829819122237,0.4137926525123162,0.4011885546302988,0.41712941921404134,0.4198900836923771,0.394334523245994,0.4174282604851951],[0.031019868786698997,0.06953178132119861,0.05824554043457048,0.0685755747189779,0.06276371269830068,0.10388591140508652,0.0,0.060119343203567065,0.057934444998876275,0.10119934781107559,0.059714363960226925,0.0023972178722741666,0.0,0.003264627315209739,0.0,0.016778960234080965,-0.002257842570543289,0.26481705380373727,0.22969892088576455,0.04258351858857743,0.29088925743500926,0.2904302322132359,0.343918304564183,0.2946076894311618,0.33597924314039,0.3489790444168189,0.36169287548271234,0.3566032692515535,0.29575384938431354,0.33860077970047475,0.3587973311904898,0.3760113332006115,0.38039297912791575,0.3741417439075452,0.3922844712336482,0.3883283574453433,0.39288763437738866,0.4138666712558224,0.4013167150749716,0.41707327782683534,0.4199863127519087,0.3947421400336987,0.41788715981261865],[-0.0012585451323539048,0.03739559605876153,0.029426464302464882,0.04221188598684982,0.03539299541525519,0.018699463456869125,0.060119343203567065,0.0,0.0,0.0,0.0,0.0,0.055059530306607485,0.011236978664102297,0.0568721983451964,0.0538824776926658,0.002365335802329726,0.3029947989087914,0.2669357622610927,0.07302102198230118,0.33020599048646926,0.3296873895094518,0.38269406288164626,0.334180660630656,0.371499358396036,0.3868728892128573,0.40084202196616553,0.3960744376972004,0.33222961868814865,0.3746124349920451,0.4021449223834829,0.41624426874668613,0.42025525656618345,0.4125981117800926,0.43277018201116174,0.43142540667461915,0.4292918365971868,0.4508167782166594,0.43928261669709107,0.4543671951357588,0.45683162166694624,0.4297091968346351,0.45092323256827954],[0.006013468563556732,0.044672333072491,0.03669847799837572,0.049483899682760686,0.04266500911116616,0.0,0.057934444998876275,0.0,0.0,0.0,0.003230399197765243,0.0,0.055155492152906056,0.033360402596042726,0.06381166071466274,0.04047775445896566,-0.014737128781377019,0.2913740813318241,0.2547028577187658,0.06186476730917209,0.3191618715747589,0.3187761013707694,0.3712235070696969,0.3238142409128506,0.35889728890531475,0.3748506650451942,0.38928321612913463,0.3844553754463167,0.31900389258122397,0.36146052986757804,0.39452192400319125,0.40581608979729855,0.40970929321681054,0.40274888477239273,0.4215984633256207,0.4239339034580991,0.4206804321136993,0.4417857541900571,0.4296340548551247,0.44525447295849946,0.4478423307259728,0.4213921379864756,0.44321935340569724],[0.01606081328855351,0.05609391436341497,0.03684892920309148,0.0468966390984335,0.04145568690540266,0.0,0.10119934781107559,0.0,0.0,0.0,0.0,0.04538994030284064,0.09874080933383342,0.04363208217546344,0.0997304730117321,0.04545571263439202,-0.004807457327842712,0.2949565155298192,0.25788487335807836,0.0686380257538158,0.3247550610937568,0.32237614664058367,0.3688991670032616,0.32826063225819563,0.3593203229795809,0.3742467965502683,0.38498921546837594,0.3783551972814606,0.32138870208714054,0.3633162498368321,0.38976405713254747,0.39901595993480615,0.40246666987558816,0.39526664747883306,0.4144869491196059,0.41816791105979373,0.41330775339932163,0.43438897381406216,0.4224799936916653,0.43784653279521024,0.44042276349137244,0.41417704322791976,0.43635440681116494],[-0.0012585451323539048,0.03991904548385005,0.029426464302464886,0.04221188598684982,0.03539299541525519,0.004020321283214278,0.059714363960226925,0.0,0.003230399197765243,0.0,0.0,0.01156262543652577,0.05603101542180143,0.0,0.05609839083626866,0.04552511037675132,-0.00431778010769043,0.29637544649465336,0.25998533985163513,0.06584359504261215,0.3253361714261732,0.32283258520252106,0.36992522259544536,0.32803797220354525,0.36163332395083553,0.37590675722215544,0.3861144328793463,0.37947408615953326,0.32461515141482045,0.36649213724311414,0.38674216505172593,0.3989530007780325,0.4024556107949981,0.39444373987819703,0.41502938235501147,0.4150494014377122,0.4111153977487939,0.4326966459682717,0.4215707510949322,0.43625667224920306,0.43864266773835137,0.4114866819086452,0.4328163662465307],[-0.0012585451323539048,0.03489859164191486,0.029426464302464886,0.04221188598684982,0.03539299541525519,0.05003674292537862,0.0023972178722741666,0.0,0.0,0.04538994030284064,0.01156262543652577,0.0,0.0,0.0,0.0010388605296611786,0.04323635613720722,-0.00467966565711218,0.29409199750498294,0.2582582598439032,0.06342157801700073,0.32072406618516724,0.3203030240684062,0.3747433686801319,0.32422286973460135,0.36424743010179855,0.37898578143689315,0.39321106612209117,0.38893688249921676,0.32374137002423964,0.366468331632103,0.3926839728404475,0.40890101741230456,0.4131501442214669,0.40580718882741723,0.4254778484989867,0.42236632740713964,0.4228236364051034,0.4443842986780048,0.4326525407410956,0.4478235034056124,0.45039071675965187,0.4235573948399668,0.4448533066371542],[0.017123700258749562,0.05518646005350332,0.03798522081494614,0.04794677622622469,0.04244771016985849,0.10235167290837316,0.0,0.055059530306607485,0.055155492152906056,0.09874080933383342,0.05603101542180143,0.0,0.0,0.0,0.0,0.045051717387394136,-0.004335563629865646,0.2916773533418212,0.2565484068808116,0.06710315890425769,0.317715659524471,0.3172676965138875,0.37301935425927163,0.32173192564078457,0.3638975576317699,0.37748727334274335,0.39137419221180436,0.38665128325853265,0.3227454522526333,0.3657075883151137,0.38903306750844185,0.40620524615694364,0.4105202604905152,0.40383972262150236,0.42241061007802977,0.41858248658894104,0.42196814022407647,0.4430207422315437,0.4308114776497499,0.44632798725177325,0.4490831320959307,0.42327789231577917,0.44549217940889047],[-0.0012585451323539048,0.03784662797395774,0.029426464302464882,0.042211885986849815,0.03539299541525519,0.04749302118806237,0.003264627315209739,0.011236978664102297,0.033360402596042726,0.04363208217546344,0.0,0.0,0.0,0.0,0.0,0.04496726981252532,-0.0044372217216781746,0.2956001433994923,0.2599313270115521,0.0654576923038369,0.3235718308471708,0.32169982535781155,0.3698685798145846,0.32584540727546507,0.36295841173260357,0.3762563558051645,0.38619079672755297,0.37977895697585706,0.32518263645957296,0.36727576961704966,0.38340726456909524,0.39848038013807685,0.40223079198729006,0.39419548843151303,0.41483401045678336,0.4119338042750887,0.4106177267761709,0.43230814898789705,0.42134120768550826,0.4358504097191727,0.43822141315618074,0.41090490082855335,0.4319433768254977],[0.017894024050607252,0.05627818904209688,0.037462036053103276,0.04709986186066319,0.04184717774765782,0.10284866525451684,0.0,0.0568721983451964,0.06381166071466274,0.0997304730117321,0.05609839083626866,0.0010388605296611786,0.0,0.0,0.0,0.045344022311670604,-0.0032967031002044678,0.29291493250687944,0.2578932260418606,0.06847195339244833,0.31990296252934775,0.31851886939154056,0.3691843998481912,0.3230180275719823,0.36282853464535436,0.3753049799337287,0.385942033716818,0.3797835526104061,0.3238734041266931,0.3663326230030258,0.38203730035218686,0.3985120906308983,0.40252021445575237,0.39557180104051504,0.41462500583412953,0.4108760151776182,0.41358631676257807,0.4347046516552212,0.422821518053294,0.4380450458413016,0.44075190885594706,0.4148149908425532,0.4370793439013812],[0.053154601796298495,0.08977193862110594,0.08359086520947044,0.0960532474079985,0.08932377204119428,0.017179523226124312,0.016778960234080965,0.0538824776926658,0.04047775445896566,0.04545571263439202,0.04552511037675132,0.04323635613720722,0.045051717387394136,0.04496726981252532,0.045344022311670604,0.0,-0.00000000000000000000000000000000002830981604886476,0.23200783878564835,0.19606295973062515,0.0,0.25814957171678543,0.25814957171678543,0.3056220291828116,0.26101432814071246,0.2964452427054171,0.3106498185247704,0.3230093231976202,0.3191177355659246,0.25988580119608173,0.3007700331216032,0.32391994764404713,0.3403692193355648,0.34535371854303204,0.33917495599668807,0.35748587605852855,0.3545715918562147,0.3571596976714934,0.37910756722857075,0.3664180709101525,0.38210826337462356,0.38518726468573894,0.359898562969228,0.3847333478723578],[0.008205381483918002,0.04075933794892608,0.038890390918737215,0.05167581260312165,0.04485692203152735,-0.001690879464149475,-0.002257842570543289,0.002365335802329726,-0.014737128781377019,-0.004807457327842712,-0.00431778010769043,-0.00467966565711218,-0.004335563629865646,-0.0044372217216781746,-0.0032967031002044678,-0.00000000000000000000000000000000002830981604886476,0.0,0.25161413475871086,0.21566925570368767,0.019606295973062515,0.27775586768984795,0.27775586768984795,0.32302767575611335,0.2806206241137751,0.31568627278101336,0.32918344890315,0.33927294451140955,0.3338353376453804,0.2794919457334875,0.32004285171769126,0.3388465690292457,0.3538790829030648,0.35825188734642605,0.3512609376664224,0.3707560206657126,0.3684009851027948,0.36871174803220463,0.3907333893102864,0.3786421566467431,0.3939836044338691,0.39672463531749114,0.3698850491180873,0.3918289594081954],[0.2983208825978648,0.3231653874488222,0.31971259639794325,0.3253067016834644,0.32231711300335025,0.26718066088691683,0.26481705380373727,0.3029947989087914,0.2913740813318241,0.2949565155298192,0.29637544649465336,0.29409199750498294,0.2916773533418212,0.2956001433994923,0.29291493250687944,0.23200783878564835,0.25161413475871086,0.0,0.0,0.03594487905502319,0.0,0.0,0.09768161628032052,0.0028647564239270133,0.04814351472019901,0.07947045454166327,0.15078266949367125,0.16941292887486176,0.002067801101627112,0.048117502531539916,0.17682384532551845,0.21295665346746728,0.22229326301830155,0.22580798918541736,0.2251851638343422,0.22106079604879866,0.2531580878246579,0.26663118466823266,0.23972195014067846,0.2663629322755643,0.2725770279375578,0.26124186500843716,0.2953580178983308],[0.2625001920025517,0.2877646469002186,0.28427957488089267,0.29023861191855577,0.2870277107825506,0.22979537256394036,0.22969892088576455,0.2669357622610927,0.2547028577187658,0.25788487335807836,0.25998533985163513,0.2582582598439032,0.2565484068808116,0.2599313270115521,0.2578932260418606,0.19606295973062515,0.21566925570368767,0.0,0.0,0.00000000000000000075859896239885815,0.026141732931137085,0.026141732931137085,0.11222052565065407,0.029006489355064072,0.06928038545131723,0.09685470142054385,0.15833669277962292,0.17531885196063463,0.02787854745304787,0.07160200605531297,0.1835502019117326,0.2173780416463782,0.22685363500604858,0.23003544909749504,0.23104913492331555,0.22709817036864768,0.256162448747507,0.27125799360741987,0.2462603247654577,0.27141588338640904,0.2773460158412818,0.26406647470883055,0.29734484821430324],[0.07135155235807678,0.10742640873967413,0.10071920230366985,0.1120145284013532,0.10583577086407592,0.04264316853745517,0.04258351858857743,0.07302102198230118,0.06186476730917209,0.0686380257538158,0.06584359504261215,0.06342157801700073,0.06710315890425769,0.0654576923038369,0.06847195339244833,0.0,0.019606295973062515,0.03594487905502319,0.00000000000000000075859896239885815,0.0,0.06208661198616028,0.06208661198616028,0.13624072981703933,0.0649513684100872,0.10262707551641621,0.12478480902618519,0.1727879166300666,0.18463742575137826,0.06382314171538306,0.10612076971213513,0.1921089075056156,0.2186271582266469,0.22643636578212145,0.22588061091369996,0.23472172414590964,0.23143771137149974,0.24900312979655742,0.26712017440996855,0.24717852928272885,0.2684772664357041,0.2733574990179009,0.2556127999141342,0.2863681012254218],[0.32658959892209305,0.35153774567136736,0.34852054868133,0.3545214413562001,0.3513003485348509,0.295965991406453,0.29088925743500926,0.33020599048646926,0.3191618715747589,0.3247550610937568,0.3253361714261732,0.32072406618516724,0.317715659524471,0.3235718308471708,0.31990296252934775,0.25814957171678543,0.27775586768984795,0.0,0.026141732931137085,0.06208661198616028,0.0,0.000000000000000000027755575615628914,0.09978107700591289,-0.021484057880694133,0.04699525878315629,0.07668450627826809,0.15816310500980835,0.17855171740772777,-0.00845365016721189,0.028345016654852034,0.18207750104891351,0.2218773928890779,0.230367589954973,0.23402754307753876,0.23142028869865489,0.22660608287831135,0.26253246080883913,0.2734712321825662,0.2447502913194217,0.27251502198705246,0.27903379632978503,0.27032867241754227,0.3046002663130952],[0.32476771410322147,0.34948536131388186,0.34611902723434596,0.3516166721396587,0.34867677580930667,0.2951654116904324,0.2904302322132359,0.3296873895094518,0.3187761013707694,0.32237614664058367,0.32283258520252106,0.3203030240684062,0.3172676965138875,0.32169982535781155,0.31851886939154056,0.25814957171678543,0.27775586768984795,0.0,0.026141732931137085,0.06208661198616028,0.000000000000000000027755575615628914,0.0,0.0688817574881249,-0.02182609005831182,0.01653453875667778,0.04540618168451497,0.1281974930786311,0.1488193676030546,-0.00845365016721189,0.013820542335086658,0.15307024766573257,0.19286415848089183,0.20186306759849068,0.2056611206303649,0.2027259429874626,0.19798968885722662,0.2341797258378004,0.24503227205202835,0.21609180465993003,0.24411546985323895,0.2507125775574814,0.2423547607824386,0.27747387783646804],[0.375805124510354,0.4016556567389665,0.39709481237022315,0.40230442927922216,0.399567253689672,0.34371765590624864,0.343918304564183,0.38269406288164626,0.3712235070696969,0.3688991670032616,0.36992522259544536,0.3747433686801319,0.37301935425927163,0.3698685798145846,0.3691843998481912,0.3056220291828116,0.32302767575611335,0.09768161628032052,0.11222052565065407,0.13624072981703933,0.09978107700591289,0.0688817574881249,0.0,0.07272541432175367,0.02674487978219986,0.0000000000000000004675304852709376,0.0,0.02228739857673645,0.05576305330421149,0.055718496441841125,0.02197206335720283,0.06544492218618415,0.07519152336707134,0.08010124783155059,0.0703497483684503,0.06647627747283094,0.1127012768828896,0.11653493516358751,0.08118026461193882,0.11457903666150056,0.12225474100868029,0.12389735742974885,0.16549394857741714],[0.329776519277227,0.35552185868067654,0.3518804278441134,0.35780641600054297,0.3546513650714431,0.3004502893567624,0.2946076894311618,0.334180660630656,0.3238142409128506,0.32826063225819563,0.32803797220354525,0.32422286973460135,0.32173192564078457,0.32584540727546507,0.3230180275719823,0.26101432814071246,0.2806206241137751,0.0028647564239270133,0.029006489355064072,0.0649513684100872,-0.021484057880694133,-0.02182609005831182,0.07272541432175367,0.0,0.018526714926192588,0.047964632311781934,0.13358975718368385,0.15430415551918766,0.000000000000000000000000000000000030437585013820364,0.010144826637382231,0.1579846204133747,0.19791122632300878,0.2065276172524419,0.21026317284087465,0.20749782089529023,0.20285676222317814,0.23857090631169622,0.2494692527649836,0.22051557235448638,0.24850102453325548,0.2551031697610378,0.24666921659500526,0.28196057415762754],[0.36659099005112256,0.3926555560809162,0.3885562513812284,0.3942787508987315,0.39125973452074286,0.3322299630473866,0.33597924314039,0.371499358396036,0.35889728890531475,0.3593203229795809,0.36163332395083553,0.36424743010179855,0.3638975576317699,0.36295841173260357,0.36282853464535436,0.2964452427054171,0.31568627278101336,0.04814351472019901,0.06928038545131723,0.10262707551641621,0.04699525878315629,0.01653453875667778,0.02674487978219986,0.018526714926192588,0.0,0.0,0.0891495943069458,0.11143699288368225,0.000000000000000000013877787807814457,-0.000000000000000000020816681711721686,0.1110225834664677,0.15342147506046921,0.15936231808328846,0.16328907595045672,0.15872718688474746,0.1546546305400004,0.19272854096542644,0.1993539197949441,0.16851132974374775,0.19729178989773538,0.20436709481871398,0.20066937877920654,0.23753568279861706],[0.3810927478396295,0.4069490089064132,0.4027943932348389,0.4083118381609086,0.40540071950476175,0.3479292267794031,0.3489790444168189,0.3868728892128573,0.3748506650451942,0.3742467965502683,0.37590675722215544,0.37898578143689315,0.37748727334274335,0.3762563558051645,0.3753049799337287,0.3106498185247704,0.32918344890315,0.07947045454166327,0.09685470142054385,0.12478480902618519,0.07668450627826809,0.04540618168451497,0.0000000000000000004675304852709376,0.047964632311781934,0.0,0.0,0.06240471452474594,0.08469211310148239,0.029059210767133706,0.028973616659641266,0.08426981519282799,0.12703964897172368,0.13374064483025405,0.13788158758057387,0.1321712882203433,0.12795663993786519,0.1681368906387851,0.17399220531157217,0.14206127938081042,0.1719067809845228,0.17919083675425693,0.17683778622219115,0.21512325578402838],[0.3928878739658149,0.4187282366440208,0.4138146612033508,0.41873013734738856,0.41615906976144357,0.36073534496842075,0.36169287548271234,0.40084202196616553,0.38928321612913463,0.38498921546837594,0.3861144328793463,0.39321106612209117,0.39137419221180436,0.38619079672755297,0.385942033716818,0.3230093231976202,0.33927294451140955,0.15078266949367125,0.15833669277962292,0.1727879166300666,0.15816310500980835,0.1281974930786311,0.0,0.13358975718368385,0.0891495943069458,0.06240471452474594,0.0,0.0,0.11814423488738447,0.11812321096658707,0.0005101997551787454,0.04362529591313758,0.05534773804719549,0.06061384386202743,0.047957994122753304,0.04406197031669678,0.09146444706286457,0.09449948715747732,0.059394393938172134,0.09274147615469415,0.10043531397552048,0.10348255012805976,0.14565003093379722],[0.386975853903633,0.4121565414351618,0.40713416385225937,0.41148621977445515,0.4092055397989398,0.3551562260349871,0.3566032692515535,0.3960744376972004,0.3844553754463167,0.3783551972814606,0.37947408615953326,0.38893688249921676,0.38665128325853265,0.37977895697585706,0.3797835526104061,0.3191177355659246,0.3338353376453804,0.16941292887486176,0.17531885196063463,0.18463742575137826,0.17855171740772777,0.1488193676030546,0.02228739857673645,0.15430415551918766,0.11143699288368225,0.08469211310148239,0.0,0.0,0.14041060954332352,0.14041060954332352,-0.001767907291650773,-0.006986890244808849,0.012305259491057667,0.017698794389815607,-0.002440433590821606,-0.001767907291650772,0.045824763727080414,0.045756810971032874,0.009029281855850363,0.04384086166650876,0.05187001275340502,0.059596051075542986,0.10412367972469615],[0.3283857759926326,0.35331238948842314,0.350365015317366,0.35628212323008,0.35309729456758837,0.29305468944982316,0.29575384938431354,0.33222961868814865,0.31900389258122397,0.32138870208714054,0.32461515141482045,0.32374137002423964,0.3227454522526333,0.32518263645957296,0.3238734041266931,0.25988580119608173,0.2794919457334875,0.002067801101627112,0.02787854745304787,0.06382314171538306,-0.00845365016721189,-0.00845365016721189,0.05576305330421149,0.000000000000000000000000000000000030437585013820364,0.000000000000000000013877787807814457,0.029059210767133706,0.11814423488738447,0.14041060954332352,0.0,0.000000000000000000006938893903907229,0.14298172832179018,0.1841505880066844,0.19183716441268003,0.1956908916303685,0.1917551514401926,0.18777468320892662,0.22374037654145312,0.23285688809459815,0.2033332020799025,0.23163829209240508,0.23844442293069082,0.23192031841305247,0.2673513529007089],[0.37040232391181716,0.39512869734474254,0.39204746348730685,0.39771603125808563,0.3946924863984426,0.33531658953271104,0.33860077970047475,0.3746124349920451,0.36146052986757804,0.3633162498368321,0.36649213724311414,0.366468331632103,0.3657075883151137,0.36727576961704966,0.3663326230030258,0.3007700331216032,0.32004285171769126,0.048117502531539916,0.07160200605531297,0.10612076971213513,0.028345016654852034,0.013820542335086658,0.055718496441841125,0.010144826637382231,-0.000000000000000000020816681711721686,0.028973616659641266,0.11812321096658707,0.14041060954332352,0.000000000000000000006938893903907229,0.0,0.14056699132369577,0.182721897857548,0.188586565168164,0.19247046892720074,0.18795120403368423,0.18426432655359748,0.2211435642218576,0.22826178170052674,0.19784256935645714,0.22629108495015615,0.23323774482132628,0.2286466910458159,0.26434146663189345],[0.3917574735928934,0.417821006167523,0.411892124368616,0.4160678187263617,0.413928551307236,0.3675902609741235,0.3587973311904898,0.4021449223834829,0.39452192400319125,0.38976405713254747,0.38674216505172593,0.3926839728404475,0.38903306750844185,0.38340726456909524,0.38203730035218686,0.32391994764404713,0.3388465690292457,0.17682384532551845,0.1835502019117326,0.1921089075056156,0.18207750104891351,0.15307024766573257,0.02197206335720283,0.1579846204133747,0.1110225834664677,0.08426981519282799,0.0005101997551787454,-0.001767907291650773,0.14298172832179018,0.14056699132369577,0.0,-0.00000000000000000028796409701215,0.021574143320322037,0.02696767821907997,0.0044476238104741595,-0.00000000000000000017694179454963431,0.06489829826559881,0.062199806769607596,0.01740882456681641,0.05994689750846106,0.06812213815990567,0.07820331705586897,0.12250372647086077],[0.4062112600971359,0.43138874695673896,0.42595465659902076,0.4299606394894756,0.4278833997744888,0.37673152532961557,0.3760113332006115,0.41624426874668613,0.40581608979729855,0.39901595993480615,0.3989530007780325,0.40890101741230456,0.40620524615694364,0.39848038013807685,0.3985120906308983,0.3403692193355648,0.3538790829030648,0.21295665346746728,0.2173780416463782,0.2186271582266469,0.2218773928890779,0.19286415848089183,0.06544492218618415,0.19791122632300878,0.15342147506046921,0.12703964897172368,0.04362529591313758,-0.006986890244808849,0.1841505880066844,0.182721897857548,-0.00000000000000000028796409701215,0.0,-0.000000000000000000013877787807814457,0.005393534898757935,-0.00000000000000000020729945537922844,0.00000000000000000013530843112619095,0.03554256430051988,0.041444390318310355,0.02780093625187874,0.04143540919273038,0.04726243688404908,0.049777164000103374,0.0945068428513613],[0.4099615787670544,0.4347764522459515,0.42942403440075655,0.4332208586555046,0.4312556535014576,0.38048258435034704,0.38039297912791575,0.42025525656618345,0.40970929321681054,0.40246666987558816,0.4024556107949981,0.4131501442214669,0.4105202604905152,0.40223079198729006,0.40252021445575237,0.34535371854303204,0.35825188734642605,0.22229326301830155,0.22685363500604858,0.22643636578212145,0.230367589954973,0.20186306759849068,0.07519152336707134,0.2065276172524419,0.15936231808328846,0.13374064483025405,0.05534773804719549,0.012305259491057667,0.19183716441268003,0.188586565168164,0.021574143320322037,-0.000000000000000000013877787807814457,0.0,-0.000000000000000000020816681711721686,0.000000000000000000000000000000000000367065324889226,0.0000000000000000000000000000000000009329894960215734,0.030943651499005378,0.026825765082847574,-0.001324156299233437,0.024370012791854873,0.0327124664781573,0.04509008294207392,0.08982779708954447],[0.40175689390963676,0.4266694399674798,0.4208330640771618,0.4242902184873526,0.42253614706468745,0.37398908364711725,0.3741417439075452,0.4125981117800926,0.40274888477239273,0.39526664747883306,0.39444373987819703,0.40580718882741723,0.40383972262150236,0.39419548843151303,0.39557180104051504,0.33917495599668807,0.3512609376664224,0.22580798918541736,0.23003544909749504,0.22588061091369996,0.23402754307753876,0.2056611206303649,0.08010124783155059,0.21026317284087465,0.16328907595045672,0.13788158758057387,0.06061384386202743,0.017698794389815607,0.1956908916303685,0.19247046892720074,0.02696767821907997,0.005393534898757935,-0.000000000000000000020816681711721686,0.0,0.005393534898757935,0.0053935348987579354,-0.00032414834308344036,-0.004628569835976255,-0.001324156299233437,-0.0025744773447513585,0.0010100993579482158,0.013485881308080799,0.05852468035543204],[0.4226818358799114,0.44711290008923027,0.44216506542200523,0.4460238138933012,0.4440128631239232,0.3922429192306007,0.3922844712336482,0.43277018201116174,0.4215984633256207,0.4144869491196059,0.41502938235501147,0.4254778484989867,0.42241061007802977,0.41483401045678336,0.41462500583412953,0.35748587605852855,0.3707560206657126,0.2251851638343422,0.23104913492331555,0.23472172414590964,0.23142028869865489,0.2027259429874626,0.0703497483684503,0.20749782089529023,0.15872718688474746,0.1321712882203433,0.047957994122753304,-0.002440433590821606,0.1917551514401926,0.18795120403368423,0.0044476238104741595,-0.00000000000000000020729945537922844,0.000000000000000000000000000000000000367065324889226,0.005393534898757935,0.0,0.000000000000000000020816681711721686,0.037654070966503576,0.03352685884145545,-0.0013241562992334375,0.03104637437719932,0.039382248909630886,0.05177892366511583,0.09652546225735201],[0.42034880182015927,0.446041157879553,0.439980760278035,0.44379059208083893,0.4418664401156081,0.39664433157174384,0.3883283574453433,0.43142540667461915,0.4239339034580991,0.41816791105979373,0.4150494014377122,0.42236632740713964,0.41858248658894104,0.4119338042750887,0.4108760151776182,0.3545715918562147,0.3684009851027948,0.22106079604879866,0.22709817036864768,0.23143771137149974,0.22660608287831135,0.19798968885722662,0.06647627747283094,0.20285676222317814,0.1546546305400004,0.12795663993786519,0.04406197031669678,-0.001767907291650772,0.18777468320892662,0.18426432655359748,-0.00000000000000000017694179454963431,0.00000000000000000013530843112619095,0.0000000000000000000000000000000000009329894960215734,0.0053935348987579354,0.000000000000000000020816681711721686,0.0,0.048737693164154564,0.045507309756627715,0.002965674365692943,0.04332882561803829,0.051380539509749516,0.06277395185249815,0.10765551466725663],[0.4178158464940069,0.44311496331570166,0.4364961041413655,0.4395400352294116,0.43805032091876017,0.39285829819122237,0.39288763437738866,0.4292918365971868,0.4206804321136993,0.41330775339932163,0.4111153977487939,0.4228236364051034,0.42196814022407647,0.4106177267761709,0.41358631676257807,0.3571596976714934,0.36871174803220463,0.2531580878246579,0.256162448747507,0.24900312979655742,0.26253246080883913,0.2341797258378004,0.1127012768828896,0.23857090631169622,0.19272854096542644,0.1681368906387851,0.09146444706286457,0.045824763727080414,0.22374037654145312,0.2211435642218576,0.06489829826559881,0.03554256430051988,0.030943651499005378,-0.00032414834308344036,0.037654070966503576,0.048737693164154564,0.0,0.00000000000000000013704315460216776,0.010646093520089472,0.006876761093735694,0.006876761093735695,-0.0005684280271641876,0.04447088925242375],[0.43937685788807956,0.4642831020438974,0.4579723795118177,0.4609025106559597,0.4594821400339173,0.4137926525123162,0.4138666712558224,0.4508167782166594,0.4417857541900571,0.43438897381406216,0.4326966459682717,0.4443842986780048,0.4430207422315437,0.43230814898789705,0.4347046516552212,0.37910756722857075,0.3907333893102864,0.26663118466823266,0.27125799360741987,0.26712017440996855,0.2734712321825662,0.24503227205202835,0.11653493516358751,0.2494692527649836,0.1993539197949441,0.17399220531157217,0.09449948715747732,0.045756810971032874,0.23285688809459815,0.22826178170052674,0.062199806769607596,0.041444390318310355,0.026825765082847574,-0.004628569835976255,0.03352685884145545,0.045507309756627715,0.00000000000000000013704315460216776,0.0,0.0027958011854763605,-0.000000000000000000010408340855860843,-0