{"full_convex_hulls":{"averages":[[0.0,0.0001998273730278168,0.06552219119190225,0.214500446734674,0.2697380601856466,0.3587224486747821,0.4275611168074272,0.481542887441249],[0.0001998273730278168,0.0,-0.06389406416656679,0.13929442845095175,0.18878919823336798,0.28922269793309124,0.3645035792814855,0.42170216776695874],[0.06552219119190225,-0.06389406416656679,0.0,0.00011925680766497864,0.060954305285680244,0.1920725939588081,0.28678626195820106,0.3473788387563084],[0.214500446734674,0.13929442845095175,0.00011925680766497864,0.0,-0.05233856191842505,0.12391425762818307,0.24117854625682866,0.30446780903966914],[0.2697380601856466,0.18878919823336798,0.060954305285680244,-0.05233856191842505,0.0,0.00032415332316044484,0.11420966772787801,0.17821376089896002],[0.3587224486747821,0.28922269793309124,0.1920725939588081,0.12391425762818307,0.00032415332316044484,0.0,-0.03178332327127015,0.037614029701343026],[0.4275611168074272,0.3645035792814855,0.28678626195820106,0.24117854625682866,0.11420966772787801,-0.03178332327127015,0.0,0.0004795206810054143],[0.481542887441249,0.42170216776695874,0.3473788387563084,0.30446780903966914,0.17821376089896002,0.037614029701343026,0.0004795206810054143,0.0]],"maximums":[[0.0,0.00019982737302787212,0.07076147166480386,0.30405603750632804,0.37546653231735194,0.5803787036199087,0.718572384433359,0.8348052965962616],[0.00019982737302787212,0.0,-0.06382887358007201,0.14392626851103024,0.21578130496303707,0.422647272010081,0.5629268610523228,0.6778581747754647],[0.07076147166480386,-0.06382887358007201,0.0,0.00011926218380365282,0.07070896243424216,0.27490911237905236,0.4153841082056555,0.5318764713870833],[0.30405603750632804,0.14392626851103024,0.00011926218380365282,0.0,-0.052218908572473535,0.13138155238425983,0.2719535265567868,0.388717552563733],[0.37546653231735194,0.21578130496303707,0.07070896243424216,-0.052218908572473535,0.0,0.0003241583370318102,0.1359212911939197,0.25288938341547096],[0.5803787036199087,0.422647272010081,0.27490911237905236,0.13138155238425983,0.0003241583370318102,0.0,-0.021538373878749607,0.0424912649786447],[0.718572384433359,0.5629268610523228,0.4153841082056555,0.2719535265567868,0.1359212911939197,-0.021538373878749607,0.0,0.0004795285224779289],[0.8348052965962616,0.6778581747754647,0.5318764713870833,0.388717552563733,0.25288938341547096,0.0424912649786447,0.0004795285224779289,0.0]],"minimums":[[0.0,0.0001998273730277611,0.028178333363763262,0.08844893631506942,-0.008331174538405981,-0.09938741093462006,-0.09505871526985236,-0.06182719739165397],[0.0001998273730277611,0.0,-0.06398302749344507,0.1001010537237895,0.031909220862922506,-0.09874757299320382,-0.08008749655675598,-0.07559747372024579],[0.028178333363763262,-0.06398302749344507,0.0,0.00011925623495084819,-0.05097733030356125,-0.08897495760178513,-0.04744916688451697,-0.03995969101539922],[0.08844893631506942,0.1001010537237895,0.00011925623495084819,0.0,-0.05250437088702151,0.0731017172886532,0.13054951272160106,0.11226209428964481],[-0.008331174538405981,0.031909220862922506,-0.05097733030356125,-0.05250437088702151,0.0,0.000324152732666971,0.05380697353548164,0.04437724680370816],[-0.09938741093462006,-0.09874757299320382,-0.08897495760178513,0.0731017172886532,0.000324152732666971,0.0,-0.06152294495060458,-0.014820675118409964],[-0.09505871526985236,-0.08008749655675598,-0.04744916688451697,0.13054951272160106,0.05380697353548164,-0.06152294495060458,0.0,0.00047952027013850596],[-0.06182719739165397,-0.07559747372024579,-0.03995969101539922,0.11226209428964481,0.04437724680370816,-0.014820675118409964,0.00047952027013850596,0.0]]},"full_obbs":{"averages":[[0.0,0.10955541594553217,0.09239033288751941,0.25251672351562854,0.2272720810142918,0.40531278975611873,0.42775985403493977,0.49186163426560997],[0.10955541594553217,0.0,-0.10732317788627097,0.14345918498932556,0.10001152904230783,0.3014952025375937,0.32537519437691526,0.3978635069444023],[0.09239033288751941,-0.10732317788627097,0.0,0.10149334857992565,0.05445607458027778,0.26586399663982513,0.2921419205188472,0.36495340380020214],[0.25251672351562854,0.14345918498932556,0.10149334857992565,0.0,-0.1281941321474537,0.17110938614344218,0.19880997338143147,0.27858614864452325],[0.2272720810142918,0.10001152904230783,0.05445607458027778,-0.1281941321474537,0.0,0.13130944216423174,0.15518363591733778,0.2314706008099596],[0.40531278975611873,0.3014952025375937,0.26586399663982513,0.17110938614344218,0.13130944216423174,0.0,-0.07417535462614522,0.015999989728401453],[0.42775985403493977,0.32537519437691526,0.2921419205188472,0.19880997338143147,0.15518363591733778,-0.07417535462614522,0.0,0.02998813447251339],[0.49186163426560997,0.3978635069444023,0.36495340380020214,0.27858614864452325,0.2314706008099596,0.015999989728401453,0.02998813447251339,0.0]],"maximums":[[0.0,0.10955541594553046,0.14197037809132443,0.41066086101184934,0.40365941527506316,0.7204608418584741,0.7738167767380036,0.9200584191747052],[0.10955541594553046,0.0,6.87910218210025e-18,0.17252064218546767,0.1579353328486914,0.48649982122759283,0.5320104998080638,0.6768804229487339],[0.14197037809132443,6.87910218210025e-18,0.0,0.1014933881083922,0.0919624286524372,0.4131166393747245,0.46680560678404825,0.610781213861823],[0.41066086101184934,0.17252064218546767,0.1014933881083922,0.0,-0.09763717198665059,0.2230330887408375,0.2758534922893834,0.4240598343498215],[0.40365941527506316,0.1579353328486914,0.0919624286524372,-0.09763717198665059,0.0,0.1313095244372424,0.18338659843195587,0.32751335976089646],[0.7204608418584741,0.48649982122759283,0.4131166393747245,0.2230330887408375,0.1313095244372424,0.0,9.92775337929917e-18,0.04827717065141833],[0.7738167767380036,0.5320104998080638,0.46680560678404825,0.2758534922893834,0.18338659843195587,9.92775337929917e-18,0.0,0.029988163411534343],[0.9200584191747052,0.6768804229487339,0.610781213861823,0.4240598343498215,0.32751335976089646,0.04827717065141833,0.029988163411534343,0.0]],"minimums":[[0.0,0.10955541594553038,0.06093822944814394,0.04794983425725483,0.008923439031622743,-0.13244302688271392,-0.1133019002936998,-0.059202170735614186],[0.10955541594553038,0.0,-0.14105875992722872,0.12751050286945112,0.06593960108430218,-0.09866574935771827,-0.08428692476850817,-0.07516166533960944],[0.06093822944814394,-0.14105875992722872,0.0,0.10149334225690382,0.03976675759053255,-0.0985001808469568,-0.09670837344471837,-0.09118117567223155],[0.04794983425725483,0.12751050286945112,0.10149334225690382,0.0,-0.14284637916415044,0.10073364414359937,0.11490980478595873,0.0704075464195168],[0.008923439031622743,0.06593960108430218,0.03976675759053255,-0.14284637916415044,0.0,0.13130940318449566,0.14431078898196248,0.0918831361878124],[-0.13244302688271392,-0.09866574935771827,-0.0985001808469568,0.10073364414359937,0.13130940318449566,0.0,-0.11217668077562053,-0.026418891327923473],[-0.1133019002936998,-0.08428692476850817,-0.09670837344471837,0.11490980478595873,0.14431078898196248,-0.11217668077562053,0.0,0.029988125771540215],[-0.059202170735614186,-0.07516166533960944,-0.09118117567223155,0.0704075464195168,0.0918831361878124,-0.026418891327923473,0.029988125771540215,0.0]]},"full_bounding_spheres":{"averages":[[0.0,0.006062386894915516,-0.05293066207868145,0.19607059766761661,0.18048136610388354,0.3270843608816539,0.3649456716000002,0.4614599453047829],[0.006062386894915516,0.0,-0.3027972993828417,0.039193169512837314,0.026188790512983343,0.21940971967106504,0.257271030389411,0.3617833200420807],[-0.05293066207868145,-0.3027972993828417,0.0,-0.019799879460760065,-0.0328042584606143,0.16041667069746693,0.19827798141581351,0.30279027106848294],[0.19607059766761661,0.039193169512837314,-0.019799879460760065,0.0,-0.22898012621513475,0.09092287642321083,0.12878418714155698,0.24101060455467488],[0.18048136610388354,0.026188790512983343,-0.0328042584606143,-0.22898012621513475,0.0,0.05036447379594654,0.0882257845142931,0.2011925138987829],[0.3270843608816539,0.21940971967106504,0.16041667069746693,0.09092287642321083,0.05036447379594654,0.0,-0.2645764918013007,-0.07637423724096382],[0.3649456716000002,0.257271030389411,0.19827798141581351,0.12878418714155698,0.0882257845142931,-0.2645764918013007,0.0,-0.03851292652261709],[0.4614599453047829,0.3617833200420807,0.30279027106848294,0.24101060455467488,0.2011925138987829,-0.07637423724096382,-0.03851292652261709,0.0]],"maximums":[[0.0,0.006062386894915617,-0.05293066207868202,0.2890594752560167,0.2755704143482148,0.6247313418275859,0.662592652545932,0.845317954275403],[0.006062386894915617,0.0,-0.302797299382845,0.039193169512837855,0.02618898373496542,0.3757040023244573,0.4135653130428034,0.6013900804933996],[-0.05293066207868202,-0.302797299382845,0.0,-0.019799879460759784,-0.03280406523863233,0.3167109533508593,0.35457226406920545,0.542397031519802],[0.2890594752560167,0.039193169512837855,-0.019799879460759784,0.0,-0.22898012621513686,0.12053516108046025,0.15839647179880634,0.34626771481138074],[0.2755704143482148,0.02618898373496542,-0.03280406523863233,-0.22898012621513686,0.0,0.05036447379594805,0.08822578451429414,0.2764049494670395],[0.6247313418275859,0.3757040023244573,0.3167109533508593,0.12053516108046025,0.05036447379594805,0.0,-0.2645764918012982,-0.07637423724096312],[0.662592652545932,0.4135653130428034,0.35457226406920545,0.15839647179880634,0.08822578451429414,-0.2645764918012982,0.0,-0.038512926522617064],[0.845317954275403,0.6013900804933996,0.542397031519802,0.34626771481138074,0.2764049494670395,-0.07637423724096312,-0.038512926522617064,0.0]],"minimums":[[0.0,0.006062386894915617,-0.05293066207868202,0.009999957852743602,-0.03786246708069968,-0.20230806679973556,-0.16444675608138948,-0.16187775996031237],[0.006062386894915617,0.0,-0.302797299382845,0.03919316951283719,0.026188604095310986,-0.18691759009249503,-0.1490562793741489,-0.13566769706293147],[-0.05293066207868202,-0.302797299382845,0.0,-0.019799879460760672,-0.0328044448782866,-0.24591063906609262,-0.20804932834774648,-0.1946607460365291],[0.009999957852743602,0.03919316951283719,-0.019799879460760672,0.0,-0.22898012621513708,0.02501438941158618,0.06287570012993227,0.05764860208529732],[-0.03786246708069968,0.026188604095310986,-0.0328044448782866,-0.22898012621513708,0.0,0.05036447379594605,0.08822578451429214,0.05126356466275597],[-0.20230806679973556,-0.18691759009249503,-0.24591063906609262,0.02501438941158618,0.05036447379594605,0.0,-0.2645764918012982,-0.07637423724096384],[-0.16444675608138948,-0.1490562793741489,-0.20804932834774648,0.06287570012993227,0.08822578451429214,-0.2645764918012982,0.0,-0.03851292652261791],[-0.16187775996031237,-0.13566769706293147,-0.1946607460365291,0.05764860208529732,0.05126356466275597,-0.07637423724096384,-0.03851292652261791,0.0]]},"decomposition_convex_hulls":{"averages":[[0.0,0.033003454096615314,0.006111750751734385,0.0,-0.0014800848364830022,0.0476811556220062,0.06280768942833076,0.06280768942833076,0.0791947646141055,0.17906374813259843,0.11145579321574609,0.0680191218246702,0.11696633240866441,0.1671259846658608,0.11406365633616712,0.21108838420260886,0.24148021099836772,0.27806469298701203,0.2713028903800253,0.2742017873036536,0.27335205880102736,0.35396449709015876,0.28698731345020273,0.3242683431561836,0.33217867137182927,0.3216980342727215,0.3052318262039757,0.3956956528719275,0.44498204273631875,0.36914936520293107,0.3769106856598756,0.42865314268027754,0.4450032677425771,0.4465923477870069,0.46437926067123036,0.4716147513531219,0.4609772153182764,0.4594935488876796,0.5085772245140108,0.5001341220720079,0.4953994850460653,0.49973304911523564,0.4951706480594793,0.5002080282525149,0.49585235177006404,0.5007287742847686,0.49616536135381667],[0.033003454096615314,0.0,0.0024447003379464145,0.0,0.14275724069028928,0.19191848114877713,0.20704501495510097,0.20704501495510097,0.22343209014087662,0.2997079692076354,0.24145553150357996,0.20607186773719785,0.25238027921037953,0.2915415369368023,0.2528862894624313,0.3225777134855354,0.34599452428005534,0.3777481823454565,0.3735593805263326,0.3769043272760972,0.3745506227327967,0.44139680046478996,0.3858246146316266,0.41491401766731134,0.4241290451840068,0.41331232796970496,0.40000709895191033,0.4795193957349722,0.5196074564548503,0.4543585911519491,0.462261097399879,0.5073100835415613,0.5193728860777606,0.5215631958830623,0.5386784473127423,0.5431302475901191,0.5345636489454187,0.5321098308482003,0.5787789587195716,0.5706800264445032,0.5654965280619755,0.5704884697272055,0.5655458586728445,0.5707630176786248,0.5659296859727594,0.5717760124737933,0.5666536060094182],[0.006111750751734385,0.0024447003379464145,0.0,0.0,0.114703055407744,0.1642244764870728,0.18460775896067244,0.17967641953647273,0.1958899791544894,0.2953751122096969,0.2356035508791628,0.19646008512870186,0.24282926618277587,0.2857392385450011,0.23843064825960048,0.3213491035501435,0.34716676207438907,0.3808277206848011,0.37565442708725333,0.37868101569970936,0.3769006214453262,0.4493229057329741,0.3896388486747243,0.4214157499560473,0.4302526044628912,0.41985623805474287,0.4054781591481221,0.48902498043022785,0.5323729016217523,0.4631043351828915,0.470958212741327,0.5188215503685534,0.5324219906372267,0.5340960142635709,0.5516879330220995,0.5569146555872727,0.5479894056714362,0.5458196204122718,0.593189683760815,0.5848039927234024,0.5797209327752305,0.584663292276164,0.5797450405702886,0.5847374162818362,0.580052835473527,0.5855920197498143,0.5806645057482673],[0.0,0.0,0.0,0.0,0.10975378659367467,0.15891502705216218,0.174041560858486,0.174041560858486,0.19042863604426158,0.27182890668797405,0.21191441570900085,0.17415017935578414,0.22143011034457535,0.26282363315624685,0.2212419065818029,0.29705358851272806,0.3225670948122933,0.35632618651120496,0.3511269391286912,0.35455421038806334,0.3525560646648818,0.42406661943738205,0.36493414817671654,0.3964955425432556,0.40535928082054057,0.3946754456273887,0.38043344660773415,0.4633827751906273,0.5060231127413451,0.437755626765643,0.445639433581242,0.4926790919965318,0.5058927411221074,0.5078629568671532,0.5252068427414442,0.530411793236066,0.5213115969331772,0.5190580365502733,0.5664791944157596,0.5582536093279138,0.5531956625954512,0.5580574775710028,0.5532148190331163,0.5583078970779866,0.5536160482619,0.5591886055015421,0.5542415655214452],[-0.0014800848364830022,0.14275724069028928,0.114703055407744,0.10975378659367467,0.0,0.0,0.015126533806324007,0.015126533806324007,0.03151360899209976,0.14897782475548704,0.08381485225334429,0.04477298266820006,0.0809934942017872,0.1361522193514214,0.07173128116304499,0.18263112516176636,0.21401383737906163,0.25031936626300805,0.24336373049374854,0.24561775727323007,0.24542611215107096,0.33064599109775794,0.2590479691188429,0.2992705984764196,0.3069094216988243,0.2965104640263251,0.27867855531007013,0.3754232333197676,0.42928080802189617,0.34759701811414606,0.3556112187306972,0.4111254001082703,0.4294395302725621,0.4310053277617958,0.4489634162553196,0.4573783248704092,0.4459370459953206,0.4446472205554997,0.4950714259712324,0.4864515942343672,0.4818951309593288,0.48596669293739714,0.48152846210443834,0.48651639407194075,0.48231582637999093,0.48672364615118124,0.4823291958135915],[0.0476811556220062,0.19191848114877713,0.1642244764870728,0.15891502705216218,0.0,0.0,0.0,0.0,0.016387075185775757,0.14165534306680994,0.08116173185922461,0.0491876474178346,0.07414560983687987,0.1285631636353842,0.059788744234645204,0.17589376710525534,0.20758435316398371,0.24336979886790935,0.23646084086943595,0.23825416380083198,0.23840681793703597,0.3261562620547667,0.25221433589568976,0.29390676229657914,0.3014669146986596,0.2911791637458985,0.2724340628043508,0.372372514026962,0.42876272417288597,0.3439703488456002,0.35210783871958495,0.4092594435999289,0.4285866588861769,0.4305508089741419,0.4485171659192324,0.4575446997267516,0.4456344001266581,0.4444068433242037,0.49535506521871997,0.4867143525203088,0.4821873492585443,0.48623734465539337,0.48182037543759343,0.48680689693123763,0.48261946816132817,0.4869689924739547,0.48258186840465583],[0.06280768942833076,0.20704501495510097,0.18460775896067244,0.174041560858486,0.015126533806324007,0.0,0.0,0.0,0.0,0.1075258340130357,-0.00205043829311459,-0.0009906043631720252,0.005199344048148638,0.09434469869078303,0.011491939830241249,0.14191472366452745,0.17363398358319915,0.2064279798728648,0.2009608945374242,0.20150247112083827,0.20190415053801908,0.2904872911402446,0.2151290154881459,0.2579790094103975,0.2651028073883005,0.2546400585812625,0.23551731787991576,0.3388614180779276,0.3995983901998603,0.3091444093961635,0.31770082019225193,0.3777486900189668,0.39898676228580354,0.40140237035735626,0.4194989945543568,0.42943624329938496,0.4166728905570679,0.4154377776762088,0.4673537078988295,0.45898215838154655,0.45453021847827824,0.4582101255368569,0.45381478455998286,0.4593506034482166,0.4551689249413955,0.458840698377154,0.4546436704115847],[0.06280768942833076,0.20704501495510097,0.17967641953647273,0.174041560858486,0.015126533806324007,0.0,0.0,0.0,0.0,0.13414380912677049,0.07073916447934489,0.05573389931164549,0.0619706860976717,0.12096892784069427,0.048099272975700595,0.16846541244804436,0.20020138476778246,0.23522134244301776,0.22862328223906214,0.23010348348518048,0.2303787580241467,0.31869266524258655,0.24395615372596158,0.28629677646003404,0.2937045083516039,0.2833999060022388,0.2644142084050399,0.36558267169835346,0.4234491442780022,0.33680635847097246,0.34503058920458535,0.4031132503658861,0.4230975019779032,0.42528124709074944,0.44331367329264904,0.4524943855430936,0.4404544716318638,0.43923413133962397,0.4904246324756425,0.4817833016284884,0.47726280419401657,0.48124546768962345,0.4768346529038036,0.4818545381927328,0.4776669705607436,0.4819245878676615,0.47755124648888897],[0.0791947646141055,0.22343209014087662,0.1958899791544894,0.19042863604426158,0.03151360899209976,0.016387075185775757,0.0,0.0,0.0,0.10613612328510583,0.05385559308210249,0.05573395822658416,0.028216425874900614,0.0929549880402609,0.010435870982538342,0.1405249355892745,0.1722441957398631,0.2035130274342093,0.19947363935793513,0.19964357398804242,0.19980709201433458,0.28907453315152887,0.21200861732657184,0.2562917594291906,0.26313064519471574,0.2526014005706962,0.23294248655612798,0.33808845403826066,0.3993947377858839,0.30815168532199344,0.3167210573265537,0.3774072951525965,0.39883533693498063,0.40111165025755174,0.4191957647403817,0.42905267112669243,0.41643702974981095,0.41520880292986523,0.4670621277210187,0.45848004349067023,0.454029659694302,0.4579242100003753,0.4535238390901864,0.4586985907879984,0.4544919682652286,0.45854417547437987,0.45423632594023033],[0.17906374813259843,0.2997079692076354,0.2953751122096969,0.27182890668797405,0.14897782475548704,0.14165534306680994,0.1075258340130357,0.13414380912677049,0.10613612328510583,0.0,0.030128277838230133,0.11561788652541435,0.0018830150365829468,0.0,0.013181135058403017,-0.0013886907699397718,0.03033057602847468,0.05791386471490423,0.05751856295659458,0.05751860842444492,0.05751860048573336,0.16999161745445046,0.06937540542582415,0.12543046677937872,0.12988252680313536,0.12019268101670862,0.09297836457557015,0.24383477474347132,0.3296370799559218,0.20169565409824605,0.21121336684472547,0.2984818776037138,0.3278146743208797,0.33095487125425216,0.35064582666890787,0.36352367818239795,0.34927456004277807,0.34756333065252815,0.4019759699579293,0.39355113349458326,0.38930838684269614,0.3929221363382443,0.3887895284815679,0.3936175982957847,0.3895632826303156,0.39330005567694987,0.38924973007909935],[0.11145579321574609,0.24145553150357996,0.2356035508791628,0.21191441570900085,0.08381485225334429,0.08116173185922461,-0.00205043829311459,0.07073916447934489,0.05385559308210249,0.030128277838230133,0.0,0.0,0.0,0.028245262801647186,0.028245262801647186,0.04578936738322003,0.0730357965575631,0.11711963149869885,0.1041988032164099,0.10891709702694699,0.10827898952977924,0.21289768408515844,0.13221053151450463,0.17227757337497493,0.18179052559891612,0.1743653690365362,0.15223116963951303,0.27662698948020303,0.3497534825124086,0.23943216895826094,0.24976553159363507,0.3222873971005791,0.3482227947866018,0.35164282808038355,0.37057536069637276,0.3826105291081781,0.36836437269599853,0.3670185396070397,0.42101636433423467,0.4126162732371953,0.40844771673722896,0.411804700618815,0.4075990553912494,0.41294625966217313,0.4089602726622791,0.41240189891358964,0.4083291364383547],[0.0680191218246702,0.20607186773719785,0.19646008512870186,0.17415017935578414,0.04477298266820006,0.0491876474178346,-0.0009906043631720252,0.05573389931164549,0.05573395822658416,0.11561788652541435,0.0,0.0,0.007763880732645656,0.10244721528308882,0.033684438645640864,0.14900359388911777,0.18027027776177176,0.21714219134931753,0.20996521380258665,0.2124250936941086,0.21189288956158503,0.2972709393179971,0.2261733770386637,0.26580402412716303,0.27334547015628874,0.2625145797623242,0.245102870010555,0.34552315882942336,0.4054749327780249,0.31519618945445976,0.32419171750308073,0.3832734623861755,0.40464991782954696,0.407590951548418,0.4255121888635956,0.43557873001585345,0.422504545688412,0.42128608704211795,0.4731544645093914,0.46493180429784364,0.4605102778174192,0.46419940955228,0.4598084969592302,0.46557275305316775,0.4613586568732971,0.46511926343832083,0.460862255290597],[0.11696633240866441,0.25238027921037953,0.24282926618277587,0.22143011034457535,0.0809934942017872,0.07414560983687987,0.005199344048148638,0.0619706860976717,0.028216425874900614,0.0018830150365829468,0.0,0.007763880732645656,0.0,6.938893903907221e-21,7.632783294297951e-20,0.03447749324667173,0.06629660706144554,0.10792200291512206,0.09620921372339263,0.0992014918567196,0.09983924603569358,0.20793661359032806,0.12230225418246317,0.16629059459320805,0.1747293762073484,0.16701425773348474,0.1435407501138732,0.2727979813332914,0.34858143550892273,0.23512507082993658,0.24514053856744883,0.320135809042167,0.3468857871221144,0.35035458997297814,0.3695269670124848,0.3817759413698058,0.36751121653919333,0.366137234107107,0.4203029056534636,0.41182894158841576,0.4076259153209594,0.4110825854275821,0.40689429777921116,0.412038194858848,0.4080319024733371,0.41154947058870756,0.4074708771376676],[0.1671259846658608,0.2915415369368023,0.2857392385450011,0.26282363315624685,0.1361522193514214,0.1285631636353842,0.09434469869078303,0.12096892784069427,0.0929549880402609,0.0,0.028245262801647186,0.10244721528308882,6.938893903907221e-21,0.0,0.0,0.034388639615256594,0.06610790674857396,0.09350953390223023,0.09329589394401784,0.09329593922155043,0.09329593116572832,0.19340230291745117,0.10177640786406848,0.15335735708974318,0.1586684451504784,0.1479607815563273,0.1239586847535219,0.2633163547162976,0.34560548077858383,0.2217950351299912,0.2320917080091274,0.3149566741831421,0.343614467344644,0.34705109777987214,0.3665803813321832,0.37907091070221294,0.364995944528192,0.3632732259931106,0.41740810784429505,0.4090106073447517,0.40470518447338155,0.4084166882235367,0.40420114407856916,0.4091366064442111,0.4050377768454864,0.4088481727060119,0.40472444004012104],[0.11406365633616712,0.2528862894624313,0.23843064825960048,0.2212419065818029,0.07173128116304499,0.059788744234645204,0.011491939830241249,0.048099272975700595,0.010435870982538342,0.013181135058403017,0.028245262801647186,0.033684438645640864,7.632783294297951e-20,0.0,0.0,0.04756977490602865,0.07928904192541238,0.10659601627397011,0.10647702915235988,0.1064770740552106,0.10647706605332147,0.20133477940583835,0.11341943805735691,0.1633588099239303,0.16896897245019296,0.15763423879227217,0.13492160276267984,0.2665009669851557,0.34241254643902325,0.22781325655607065,0.23832828373123738,0.3134647226009347,0.34050268418331237,0.3440277819306728,0.3632202021376628,0.3752320800181055,0.36126231763087696,0.35971503801333166,0.41361106024196526,0.40517175492160634,0.4008018991308053,0.404518696969228,0.40025239424381526,0.4052433542074336,0.4011574775417115,0.4049901826723294,0.4008096414275152],[0.21108838420260886,0.3225777134855354,0.3213491035501435,0.29705358851272806,0.18263112516176636,0.17589376710525534,0.14191472366452745,0.16846541244804436,0.1405249355892745,-0.0013886907699397718,0.04578936738322003,0.14900359388911777,0.03447749324667173,0.034388639615256594,0.04756977490602865,0.0,0.0,0.028640684437317755,0.02718794345855713,0.027187943458557132,0.02718794345855713,0.1528824936958466,0.048808091702974045,0.10264909644708875,0.10825594745952594,0.10241128540882194,0.07302746013631835,0.23008122071510775,0.3201585446082469,0.18798068684620683,0.19631861640444026,0.2883380581462855,0.31842961945469256,0.32130520980783195,0.34111919589104855,0.3542669089837291,0.340008453997005,0.338251435315036,0.3927248316166436,0.38432188708549103,0.38009121232568327,0.38366780953638047,0.3795808221095715,0.3843354786255405,0.3802926164623015,0.38395668604724653,0.3799481634216689],[0.24148021099836772,0.34599452428005534,0.34716676207438907,0.3225670948122933,0.21401383737906163,0.20758435316398371,0.17363398358319915,0.20020138476778246,0.1722441957398631,0.03033057602847468,0.0730357965575631,0.18027027776177176,0.06629660706144554,0.06610790674857396,0.07928904192541238,0.0,0.0,0.011793311201100788,-4.420012226427135e-36,6.245004513516505e-20,2.6404193200077354e-36,0.13613786701737954,0.04727049935046059,0.07989426862035585,0.09223746828127229,0.09608464035114106,0.06856513770253396,0.21584472492223575,0.3091243106810697,0.17396579318492394,0.1814979691973149,0.2772225311128282,0.3078751284891244,0.3100330307017577,0.3301304803309323,0.3435798340036035,0.32928171204035867,0.32759868854774615,0.3821495122746684,0.373693708575076,0.3694970654648175,0.373049113545185,0.36902350567804687,0.373657285699238,0.3696526932578685,0.37327791314655684,0.3693254938653717],[0.27806469298701203,0.3777481823454565,0.3808277206848011,0.35632618651120496,0.25031936626300805,0.24336979886790935,0.2064279798728648,0.23522134244301776,0.2035130274342093,0.05791386471490423,0.11711963149869885,0.21714219134931753,0.10792200291512206,0.09350953390223023,0.10659601627397011,0.028640684437317755,0.011793311201100788,0.0,0.015074329812167166,-1.6306400674181987e-19,0.02378944819793105,0.0899709746574596,-0.0009784240400183412,0.02568508422919986,0.0238756188788159,0.012406580307964292,-0.0009783475074974684,0.17207360572052355,0.26796901456172156,0.1299592567162808,0.13722187285900686,0.23665241911081944,0.2676808712293294,0.26876424543807836,0.2891971900570298,0.30313813926334177,0.2886099546185538,0.2869824709221814,0.3422873468526088,0.333462108519962,0.32948815866819803,0.3331149811345073,0.3291510893053561,0.33352680946077423,0.3294647318224335,0.3327677602602733,0.3289323095848828],[0.2713028903800253,0.3735593805263326,0.37565442708725333,0.3511269391286912,0.24336373049374854,0.23646084086943595,0.2009608945374242,0.22862328223906214,0.19947363935793513,0.05751856295659458,0.1041988032164099,0.20996521380258665,0.09620921372339263,0.09329589394401784,0.10647702915235988,0.02718794345855713,-4.420012226427135e-36,0.015074329812167166,0.0,-1.4745149545802867e-20,-1.43982048506075e-19,0.13741201327429817,0.05491088079592648,0.07349131555806904,0.0940995162342956,0.10144295432587404,0.07560966885331386,0.21619863788331872,0.31162867502666103,0.17581201489792067,0.18224624521687724,0.2794871007531257,0.310311226496874,0.3125582133061339,0.3327818516500278,0.34619557442295007,0.3321173805225958,0.3303049402244505,0.38502964716939,0.3763041597798422,0.37224665829310727,0.3757620485389678,0.3717655212022701,0.3761651937695729,0.37219705599725084,0.3754661705428328,0.3716570938955372],[0.2742017873036536,0.3769043272760972,0.37868101569970936,0.35455421038806334,0.24561775727323007,0.23825416380083198,0.20150247112083827,0.23010348348518048,0.19964357398804242,0.05751860842444492,0.10891709702694699,0.2124250936941086,0.0992014918567196,0.09329593922155043,0.1064770740552106,0.027187943458557132,6.245004513516505e-20,-1.6306400674181987e-19,-1.4745149545802867e-20,0.0,-8.933825901280556e-20,0.08949292793510025,0.0499989626647632,0.025706494815711873,0.036965112669187866,0.05522741744982369,0.04999903872861301,0.17029478095925915,0.2673653625496335,0.1293247978561398,0.1357684159757682,0.236026251568847,0.2671467307659071,0.26815036549219295,0.2883702118372511,0.30258688243785264,0.2878853244823809,0.2863166279432721,0.3418874028191107,0.33296835844600225,0.32906794402364276,0.3325714051286527,0.32870676837498913,0.3330231330600618,0.32904906570659453,0.33223888213300556,0.3285122819652549],[0.27335205880102736,0.3745506227327967,0.3769006214453262,0.3525560646648818,0.24542611215107096,0.23840681793703597,0.20190415053801908,0.2303787580241467,0.19980709201433458,0.05751860048573336,0.10827898952977924,0.21189288956158503,0.09983924603569358,0.09329593116572832,0.10647706605332147,0.02718794345855713,2.6404193200077354e-36,0.02378944819793105,-1.43982048506075e-19,-8.933825901280556e-20,0.0,0.08943277724094187,0.07378841121085036,0.026695717100010008,0.05586996861240679,0.07771089424889459,0.07378848799721051,0.17122269280089067,0.2676868316620159,0.12951614936921269,0.13649632868005998,0.2367278553969846,0.26782305356974717,0.26835522035784015,0.28886214104303487,0.30308409017713944,0.2884137322409725,0.28694225782145244,0.3423075430197281,0.3334688426998077,0.32951649174161063,0.333017742645004,0.32913086746363246,0.33357483188135184,0.3295862557020886,0.3327611718984807,0.329048349282295],[0.35396449709015876,0.44139680046478996,0.4493229057329741,0.42406661943738205,0.33064599109775794,0.3261562620547667,0.2904872911402446,0.31869266524258655,0.28907453315152887,0.16999161745445046,0.21289768408515844,0.2972709393179971,0.20793661359032806,0.19340230291745117,0.20133477940583835,0.1528824936958466,0.13613786701737954,0.0899709746574596,0.13741201327429817,0.08949292793510025,0.08943277724094187,0.0,0.10988048022681716,0.0,3.661736240801672e-19,0.023887677939032827,0.07913857969206961,0.02684093748243924,0.13457175009490074,-0.0013387670874726676,-0.0013387018264156678,0.09873919621837914,0.13042439891089905,0.13417987289237462,0.15270436729936845,0.16645720615297485,0.15251009951801076,0.1502562311388082,0.2055044257044831,0.19609830123711072,0.19258932833976847,0.1958849174370754,0.1924189710930944,0.19602036047620147,0.192437580461064,0.19537846568508346,0.19209124427243113],[0.28698731345020273,0.3858246146316266,0.3896388486747243,0.36493414817671654,0.2590479691188429,0.25221433589568976,0.2151290154881459,0.24395615372596158,0.21200861732657184,0.06937540542582415,0.13221053151450463,0.2261733770386637,0.12230225418246317,0.10177640786406848,0.11341943805735691,0.048808091702974045,0.04727049935046059,-0.0009784240400183412,0.05491088079592648,0.0499989626647632,0.07378841121085036,0.10988048022681716,0.0,0.036582989213150875,0.01919733488122801,0.030030976980924606,-2.151057110211241e-19,0.19121497309470567,0.28762961056020797,0.14962929638684278,0.15633123732765355,0.25556195788970215,0.2866374012968689,0.2884029351052953,0.30847817972237707,0.3220258240007175,0.3078075044566535,0.3058577640252288,0.36065882802198096,0.35192118169928255,0.3478747656746199,0.351801947406244,0.34766486322378987,0.35190522568370297,0.34770770850406313,0.3512901883127522,0.347275216878348],[0.3242683431561836,0.41491401766731134,0.4214157499560473,0.3964955425432556,0.2992705984764196,0.29390676229657914,0.2579790094103975,0.28629677646003404,0.2562917594291906,0.12543046677937872,0.17227757337497493,0.26580402412716303,0.16629059459320805,0.15335735708974318,0.1633588099239303,0.10264909644708875,0.07989426862035585,0.02568508422919986,0.07349131555806904,0.025706494815711873,0.026695717100010008,0.0,0.036582989213150875,0.0,3.400058012914542e-19,0.02502581849694252,0.02502581849694252,0.06854784560723269,0.17628144117007213,0.04037092439937329,0.04037098960782397,0.14021919058482513,0.1718885825680116,0.1758895640820265,0.19440348112241307,0.20725296753450442,0.1941851703637265,0.1916436171627985,0.24515824022244545,0.23633664937698098,0.2324697909445562,0.2360856801950966,0.23226936231024647,0.2363225751511515,0.23239442588543924,0.2356248696874847,0.23199540021816226],[0.33217867137182927,0.4241290451840068,0.4302526044628912,0.40535928082054057,0.3069094216988243,0.3014669146986596,0.2651028073883005,0.2937045083516039,0.26313064519471574,0.12988252680313536,0.18179052559891612,0.27334547015628874,0.1747293762073484,0.1586684451504784,0.16896897245019296,0.10825594745952594,0.09223746828127229,0.0238756188788159,0.0940995162342956,0.036965112669187866,0.05586996861240679,3.661736240801672e-19,0.01919733488122801,3.400058012914542e-19,0.0,-2.77555756156289e-20,4.163336342344336e-20,0.0865756427034706,0.1790747431505188,0.04079691712995311,0.05103337347796848,0.15150956984192218,0.18228053941017183,0.17922768855976612,0.20033953089888165,0.21695758953561528,0.20028260503946071,0.19992365227130693,0.25875512222044966,0.2485522622726205,0.24540194743996502,0.24856170762339344,0.24528465525328003,0.24842908997767088,0.2451151871313774,0.24789773577111596,0.24476091313872342],[0.3216980342727215,0.41331232796970496,0.41985623805474287,0.3946754456273887,0.2965104640263251,0.2911791637458985,0.2546400585812625,0.2833999060022388,0.2526014005706962,0.12019268101670862,0.1743653690365362,0.2625145797623242,0.16701425773348474,0.1479607815563273,0.15763423879227217,0.10241128540882194,0.09608464035114106,0.012406580307964292,0.10144295432587404,0.05522741744982369,0.07771089424889459,0.023887677939032827,0.030030976980924606,0.02502581849694252,-2.77555756156289e-20,0.0,1.1102230246251566e-19,0.10055990405011314,0.18572414793592745,0.04998832118670526,0.06454787484690756,0.15890011811283064,0.18894299168231943,0.1861706937557403,0.20720451012084198,0.22392471129068828,0.2067793575755389,0.20658331304464983,0.2659000061425503,0.25559321106854793,0.2524203901113546,0.2556895039282966,0.2523202989056916,0.2554495895962728,0.25209920649906736,0.25495142660661135,0.2517370365158771],[0.3052318262039757,0.40000709895191033,0.4054781591481221,0.38043344660773415,0.27867855531007013,0.2724340628043508,0.23551731787991576,0.2644142084050399,0.23294248655612798,0.09297836457557015,0.15223116963951303,0.245102870010555,0.1435407501138732,0.1239586847535219,0.13492160276267984,0.07302746013631835,0.06856513770253396,-0.0009783475074974684,0.07560966885331386,0.04999903872861301,0.07378848799721051,0.07913857969206961,-2.151057110211241e-19,0.02502581849694252,4.163336342344336e-20,1.1102230246251566e-19,0.0,0.160145494291425,0.25647842321984904,0.1183682133318475,0.12510134122919125,0.2243142317666619,0.25535661751669075,0.2571860639667028,0.27716607919170433,0.29059429902843287,0.27646822862141884,0.27440134758471457,0.32937489749602317,0.32047917619282457,0.31649887059735843,0.32042818844366705,0.3163284652792039,0.32042506980702795,0.3162903670493331,0.31981568556010165,0.315882159599829],[0.3956956528719275,0.4795193957349722,0.48902498043022785,0.4633827751906273,0.3754232333197676,0.372372514026962,0.3388614180779276,0.36558267169835346,0.33808845403826066,0.24383477474347132,0.27662698948020303,0.34552315882942336,0.2727979813332914,0.2633163547162976,0.2665009669851557,0.23008122071510775,0.21584472492223575,0.17207360572052355,0.21619863788331872,0.17029478095925915,0.17122269280089067,0.02684093748243924,0.19121497309470567,0.06854784560723269,0.0865756427034706,0.10055990405011314,0.160145494291425,0.0,0.03646377474069595,0.018231887370347977,-1.0992905174206716e-35,0.0,0.03149144351482391,0.06182089145664684,0.08008748076302168,0.08983103075626105,0.07188697246741156,0.0721386280384132,0.13846815081799382,0.12537934902072667,0.12334511580217018,0.12447827280047108,0.1229609563436724,0.12414206667006417,0.12282372204425314,0.1242654871329161,0.12283768417513215],[0.44498204273631875,0.5196074564548503,0.5323729016217523,0.5060231127413451,0.42928080802189617,0.42876272417288597,0.3995983901998603,0.4234491442780022,0.3993947377858839,0.3296370799559218,0.3497534825124086,0.4054749327780249,0.34858143550892273,0.34560548077858383,0.34241254643902325,0.3201585446082469,0.3091243106810697,0.26796901456172156,0.31162867502666103,0.2673653625496335,0.2676868316620159,0.13457175009490074,0.28762961056020797,0.17628144117007213,0.1790747431505188,0.18572414793592745,0.25647842321984904,0.03646377474069595,0.0,0.06961265206336975,0.05635309964418411,0.007031938256239394,5.50559772189602e-37,-0.00010225859618543077,-0.0012910079394626362,0.012355163576482302,-0.002081635308989662,0.0190333036045354,0.0716931625402745,0.05588386427297786,0.055123661746770046,0.055543024335335776,0.05526390603639167,0.055047775181533004,0.05488589561414266,0.05554779549815618,0.05501457116122833],[0.36914936520293107,0.4543585911519491,0.4631043351828915,0.437755626765643,0.34759701811414606,0.3439703488456002,0.3091444093961635,0.33680635847097246,0.30815168532199344,0.20169565409824605,0.23943216895826094,0.31519618945445976,0.23512507082993658,0.2217950351299912,0.22781325655607065,0.18798068684620683,0.17396579318492394,0.1299592567162808,0.17581201489792067,0.1293247978561398,0.12951614936921269,-0.0013387670874726676,0.14962929638684278,0.04037092439937329,0.04079691712995311,0.04998832118670526,0.1183682133318475,0.018231887370347977,0.06961265206336975,0.0,3.1043159913139896e-35,0.04459725679710454,0.07264447425430993,0.07259881955062468,0.09490137252398298,0.11025008547825536,0.09285425449854864,0.09238819981862854,0.15517399626719935,0.14377301511832322,0.1411621787219618,0.1434654503296324,0.1409984194692811,0.1432499965296002,0.1407207690545919,0.14291683562759178,0.1405147749477481],[0.3769106856598756,0.462261097399879,0.470958212741327,0.445639433581242,0.3556112187306972,0.35210783871958495,0.31770082019225193,0.34503058920458535,0.3167210573265537,0.21121336684472547,0.24976553159363507,0.32419171750308073,0.24514053856744883,0.2320917080091274,0.23832828373123738,0.19631861640444026,0.1814979691973149,0.13722187285900686,0.18224624521687724,0.1357684159757682,0.13649632868005998,-0.0013387018264156678,0.15633123732765355,0.04037098960782397,0.05103337347796848,0.06454787484690756,0.12510134122919125,-1.0992905174206716e-35,0.05635309964418411,3.1043159913139896e-35,0.0,0.02302594497649554,0.053502338030917,0.06764659624049556,0.08831033468738313,0.10204611514762378,0.08349735882923733,0.08387239427436165,0.14865484507150123,0.13654127573653008,0.13412449517242495,0.13596804774664054,0.13381782659596894,0.13567644849587873,0.13362056184117183,0.13556776278442606,0.13351151894378055],[0.42865314268027754,0.5073100835415613,0.5188215503685534,0.4926790919965318,0.4111254001082703,0.4092594435999289,0.3777486900189668,0.4031132503658861,0.3774072951525965,0.2984818776037138,0.3222873971005791,0.3832734623861755,0.320135809042167,0.3149566741831421,0.3134647226009347,0.2883380581462855,0.2772225311128282,0.23665241911081944,0.2794871007531257,0.236026251568847,0.2367278553969846,0.09873919621837914,0.25556195788970215,0.14021919058482513,0.15150956984192218,0.15890011811283064,0.2243142317666619,0.0,0.007031938256239394,0.04459725679710454,0.02302594497649554,0.0,-6.209795087748892e-36,0.054440118263483876,0.06553843459208206,0.0721112407403112,0.055342478396954914,0.05723453344962752,0.12306745034365031,0.10871903014225973,0.10709862251757302,0.10761860159710873,0.10669573809174805,0.10732356043889786,0.10655059161280789,0.10763632364774851,0.10666826902541009],[0.4450032677425771,0.5193728860777606,0.5324219906372267,0.5058927411221074,0.4294395302725621,0.4285866588861769,0.39898676228580354,0.4230975019779032,0.39883533693498063,0.3278146743208797,0.3482227947866018,0.40464991782954696,0.3468857871221144,0.343614467344644,0.34050268418331237,0.31842961945469256,0.3078751284891244,0.2676808712293294,0.310311226496874,0.2671467307659071,0.26782305356974717,0.13042439891089905,0.2866374012968689,0.1718885825680116,