(full_convex_hulls:(averages:[[0.0,0.0009998934742494817,0.13729772060287695,0.2974293188209662,0.36812330300527524,0.4330176065575334,0.5361762460474969,0.5797027326379783,0.5701427139535771,0.6295173424945497,0.6289875355423341],[0.0009998934742494817,0.0,-0.03464139776968704,0.13929740872640745,0.20954388539373478,0.29900160656699215,0.423752651108805,0.475803823792596,0.46901682002402834,0.5300395415138615,0.5292082184313185],[0.13729772060287695,-0.03464139776968704,0.0,0.0009998013129232635,0.06847641531130988,0.1921842478395359,0.353949872818115,0.4135863667151951,0.4091610820442113,0.4700340018844833,0.46890751204619696],[0.2974293188209662,0.13929740872640745,0.0009998013129232635,0.0,-0.03708066789867227,0.07145321283536249,0.2746998607562277,0.34511862990703523,0.3426705735020493,0.40432896299225357,0.4027293101805302],[0.36812330300527524,0.20954388539373478,0.06847641531130988,-0.03708066789867227,0.0,0.0009999986886969584,0.20112464783174633,0.27090267306285953,0.26794515500408894,0.33227289490297934,0.33050226171020797],[0.4330176065575334,0.29900160656699215,0.1921842478395359,0.07145321283536249,0.0009999986886969584,0.0,-0.02750433594024637,0.017755880421228866,0.04609627400375541,0.12658278252042127,0.12271248218274301],[0.5361762460474969,0.423752651108805,0.353949872818115,0.2746998607562277,0.20112464783174633,-0.02750433594024637,0.0,0.0007999502121622328,0.02992205032096411,0.11433331181785364,0.1143333038926674],[0.5797027326379783,0.475803823792596,0.4135863667151951,0.34511862990703523,0.27090267306285953,0.017755880421228866,0.0007999502121622328,0.0,-0.023275809371295267,0.05885528757426928,0.058733335180821813],[0.5701427139535771,0.46901682002402834,0.4091610820442113,0.3426705735020493,0.26794515500408894,0.04609627400375541,0.02992205032096411,-0.023275809371295267,0.0,-0.007466644793104684,-0.007466644793104693],[0.6295173424945497,0.5300395415138615,0.4700340018844833,0.40432896299225357,0.33227289490297934,0.12658278252042127,0.11433331181785364,0.05885528757426928,-0.007466644793104684,0.0,0.01630518594196094],[0.6289875355423341,0.5292082184313185,0.46890751204619696,0.4027293101805302,0.33050226171020797,0.12271248218274301,0.1143333038926674,0.058733335180821813,-0.007466644793104693,0.01630518594196094,0.0]],maximums:[[0.0,0.0009998935492353995,0.13802543868689798,0.38788870641162065,0.4645860487772325,0.6447463957119932,0.8550726226405161,0.9660564181345156,1.0055868323648176,1.092320586586286,1.077565978334451],[0.0009998935492353995,0.0,-0.03139176973474173,0.14002940186942217,0.21892366527755713,0.4018450082001364,0.6179499611408668,0.7331712098214723,0.7777943620071901,0.8627550195140429,0.8488414370347355],[0.13802543868689798,-0.03139176973474173,0.0,0.000999801638611196,0.07009875364838664,0.2530606744600216,0.46984590020039657,0.585405645639484,0.6315186660383746,0.7217022918475877,0.7052519652844986],[0.38788870641162065,0.14002940186942217,0.000999801638611196,0.0,-0.03355552615494943,0.07303061616103933,0.28989400777856483,0.4059669985067227,0.45381893253694183,0.5444752144763649,0.5265580341505322],[0.4645860487772325,0.21892366527755713,0.07009875364838664,-0.03355552615494943,0.0,0.0009999986887108542,0.21214178072374043,0.32838950056164623,0.37380873109419316,0.46713659990329204,0.45133144365901867],[0.6447463957119932,0.4018450082001364,0.2530606744600216,0.07303061616103933,0.0009999986887108542,0.0,-0.02273800050964828,0.022170985794627094,0.06983811652079336,0.1635140994541996,0.14633736046568047],[0.8550726226405161,0.6179499611408668,0.46984590020039657,0.28989400777856483,0.21214178072374043,-0.02273800050964828,0.0,0.0007999502122913726,0.02992605149305537,0.11433336769176679,0.11433330433529555],[0.9660564181345156,0.7331712098214723,0.585405645639484,0.4059669985067227,0.32838950056164623,0.022170985794627094,0.0007999502122913726,0.0,-0.023275809371295034,0.059955665181715606,0.058733335351660844],[1.0055868323648176,0.7777943620071901,0.6315186660383746,0.45381893253694183,0.37380873109419316,0.06983811652079336,0.02992605149305537,-0.023275809371295034,0.0,-0.007466644793104487,-0.0074666447931044525],[1.092320586586286,0.8627550195140429,0.7217022918475877,0.5444752144763649,0.46713659990329204,0.1635140994541996,0.11433336769176679,0.059955665181715606,-0.007466644793104487,0.0,0.053696976611931936],[1.077565978334451,0.8488414370347355,0.7052519652844986,0.5265580341505322,0.45133144365901867,0.14633736046568047,0.11433330433529555,0.058733335351660844,-0.0074666447931044525,0.053696976611931936,0.0]],minimums:[[0.0,0.000999893426895132,0.12405227746559486,0.1621580167051105,0.10711667863764651,-0.08347754552822839,-0.08124174894009631,-0.05999543841434986,-0.06905960767952972,-0.011643670179749063,-0.010263781112724649],[0.000999893426895132,0.0,-0.04264301282250171,0.12602440233364892,0.14624869049041675,-0.05481469662577733,-0.05136484146692355,-0.057648381593458975,-0.04888472743410407,-0.021893976253392497,-0.03194732641595732],[0.12405227746559486,-0.04264301282250171,0.0,0.00099980122692383,0.04735854080749405,-0.043012683467243365,0.024644258718857427,-0.006444995946095353,-0.03215715187771436,-0.006358740158001167,0.005677605261047333],[0.1621580167051105,0.12602440233364892,0.00099980122692383,0.0,-0.046321479822539174,0.05058084029520034,0.16923042375046118,0.17708794364364372,0.11046086358993165,0.08941426188846752,0.07220515789832506],[0.10711667863764651,0.14624869049041675,0.04735854080749405,-0.046321479822539174,0.0,0.0009999986886825574,0.13641882853964746,0.15244667468549603,0.08631587706474082,0.04020697617082199,0.04363009812027933],[-0.08347754552822839,-0.05481469662577733,-0.043012683467243365,0.05058084029520034,0.0009999986886825574,0.0,-0.050035133238386466,-0.04832046139842671,-0.06594885523602338,-0.018718517749602977,0.012540352731116191],[-0.08124174894009631,-0.05136484146692355,0.024644258718857427,0.16923042375046118,0.13641882853964746,-0.050035133238386466,0.0,0.0007999502120256685,0.029918367300543015,0.11433330348692855,0.11433330348694848],[-0.05999543841434986,-0.057648381593458975,-0.006444995946095353,0.17708794364364372,0.15244667468549603,-0.04832046139842671,0.0007999502120256685,0.0,-0.023275809371295697,0.05873333460672235,0.05873333484970409],[-0.06905960767952972,-0.04888472743410407,-0.03215715187771436,0.11046086358993165,0.08631587706474082,-0.06594885523602338,0.029918367300543015,-0.023275809371295697,0.0,-0.007466644793104945,-0.0074666447931049105],[-0.011643670179749063,-0.021893976253392497,-0.006358740158001167,0.08941426188846752,0.04020697617082199,-0.018718517749602977,0.11433330348692855,0.05873333460672235,-0.007466644793104945,0.0,-0.02099690470739656],[-0.010263781112724649,-0.03194732641595732,0.005677605261047333,0.07220515789832506,0.04363009812027933,0.012540352731116191,0.11433330348694848,0.05873333484970409,-0.0074666447931049105,-0.02099690470739656,0.0]]),full_obbs:(averages:[[0.0,0.13949875104427198,0.15372399675202109,0.33414716063188815,0.3325217241741669,0.4554093828367133,0.5014189518734418,0.5532097338976092,0.5539512105304518,0.6247178997898735,0.6252179918113374],[0.13949875104427198,0.0,-0.1281376341229974,0.11936820729013999,0.09686979122519737,0.27204093763613324,0.33127958618934245,0.39686752994703156,0.4018516808180685,0.47391358445934845,0.47326180689626113],[0.15372399675202109,-0.1281376341229974,0.0,0.10348708590836762,0.07463207248770952,0.2597017255996352,0.32483222451979216,0.3920140322874578,0.3964626983213714,0.4672893376681487,0.4666454777094158],[0.33414716063188815,0.11936820729013999,0.10348708590836762,0.0,-0.13293865501451502,0.1676969662654466,0.23257799789127193,0.3111722368353681,0.31610892259827406,0.38393329541751764,0.38170621074706357],[0.3325217241741669,0.09686979122519737,0.07463207248770952,-0.13293865501451502,0.0,0.13890079820153803,0.19659568659891255,0.2725632413569365,0.2764447164023001,0.34191185742767816,0.3395382650759892],[0.4554093828367133,0.27204093763613324,0.2597017255996352,0.1676969662654466,0.13890079820153803,0.0,-0.11295172584038277,-0.06565794707853861,-0.039210830626450636,0.05070448813116285,0.04879894487416264],[0.5014189518734418,0.33127958618934245,0.32483222451979216,0.23257799789127193,0.19659568659891255,-0.11295172584038277,0.0,-0.08220714266741654,-0.005404459156322085,0.07220048886369275,0.07216662320870981],[0.5532097338976092,0.39686752994703156,0.3920140322874578,0.3111722368353681,0.2725632413569365,-0.06565794707853861,-0.08220714266741654,0.0,0.033627111621200544,0.1111167164146102,0.1111167164146102],[0.5539512105304518,0.4018516808180685,0.3964626983213714,0.31610892259827406,0.2764447164023001,-0.039210830626450636,-0.005404459156322085,0.033627111621200544,0.0,-0.014456153296015463,-0.014456153296015465],[0.6247178997898735,0.47391358445934845,0.4672893376681487,0.38393329541751764,0.34191185742767816,0.05070448813116285,0.07220048886369275,0.1111167164146102,-0.014456153296015463,0.0,0.013146401274266594],[0.6252179918113374,0.47326180689626113,0.4666454777094158,0.38170621074706357,0.3395382650759892,0.04879894487416264,0.07216662320870981,0.1111167164146102,-0.014456153296015465,0.013146401274266594,0.0]],maximums:[[0.0,0.13949875104427345,0.2078042145332503,0.4908437037810779,0.4899211824444554,0.8140069824624138,0.8962469073709476,0.9815161230377236,1.0361847211093833,1.1259814385530458,1.1351351740354036],[0.13949875104427345,0.0,0.000000000000000015219535840489024,0.17278521252506945,0.17325646858030117,0.49478157587846827,0.5758033866491756,0.6594143438149063,0.7143421168522172,0.8002635923757255,0.8036627388350207],[0.2078042145332503,0.000000000000000015219535840489024,0.0,0.10348708590865174,0.10195551587568458,0.4227280915772171,0.5119766112748669,0.6003462422244918,0.657733745411261,0.7418420010643179,0.7553194938999235],[0.4908437037810779,0.17278521252506945,0.10348708590865174,0.0,-0.10349596608370595,0.21531198559652132,0.30655654107397823,0.3918630741890189,0.44954589590889316,0.5431613601100176,0.5507252240712566],[0.4899211824444554,0.17325646858030117,0.10195551587568458,-0.10349596608370595,0.0,0.1389007982018901,0.2279036755026185,0.3166745307303035,0.376563295725341,0.4716675793051559,0.466812821374588],[0.8140069824624138,0.49478157587846827,0.4227280915772171,0.21531198559652132,0.1389007982018901,0.0,0.000000000000000009605893469437136,-0.03076920365515845,0.02791832593692544,0.12009754736085906,0.11901899345328629],[0.8962469073709476,0.5758033866491756,0.5119766112748669,0.30655654107397823,0.2279036755026185,0.000000000000000009605893469437136,0.0,-0.06466097201714106,-0.005404459156242478,0.07566680588119848,0.0755629619187333],[0.9815161230377236,0.6594143438149063,0.6003462422244918,0.3918630741890189,0.3166745307303035,-0.03076920365515845,-0.06466097201714106,0.0,0.03362711162120133,0.11111671641460896,0.11111671641460896],[1.0361847211093833,0.7143421168522172,0.657733745411261,0.44954589590889316,0.376563295725341,0.02791832593692544,-0.005404459156242478,0.03362711162120133,0.0,-0.014456153296015468,-0.014456153296015503],[1.1259814385530458,0.8002635923757255,0.7418420010643179,0.5431613601100176,0.4716675793051559,0.12009754736085906,0.07566680588119848,0.11111671641460896,-0.014456153296015468,0.0,0.052834396869178374],[1.1351351740354036,0.8036627388350207,0.7553194938999235,0.5507252240712566,0.466812821374588,0.11901899345328629,0.0755629619187333,0.11111671641460896,-0.014456153296015503,0.052834396869178374,0.0]],minimums:[[0.0,0.13949875104427334,0.12687484083798362,0.11216823062108632,0.055118178076397316,-0.14352768134831442,-0.1078966199951314,-0.1476445037013709,-0.08851490476143448,-0.04995840174782187,-0.03156007491249457],[0.13949875104427334,0.0,-0.1843997221445775,0.0928016528912614,0.04938061956562574,-0.049936630469396386,-0.04632048009228794,-0.051392979467915885,-0.08471627315224904,-0.037335189524438456,-0.04663342469314855],[0.12687484083798362,-0.1843997221445775,0.0,0.10348708590819942,0.06005354616682604,-0.02253927122795813,-0.018946505157365227,-0.04911348963517539,-0.0960164911931797,-0.03419519126019189,-0.04116992967984427],[0.11216823062108632,0.0928016528912614,0.10348708590819942,0.0,-0.1451900633648475,0.1393312441600876,0.18562610120648437,0.1755187956061901,0.14035627685159724,0.10411067859486597,0.10845898335835291],[0.055118178076397316,0.04938061956562574,0.06005354616682604,-0.1451900633648475,0.0,0.13890079820123014,0.18266795701163424,0.171347994033617,0.13938412499141795,0.10035655072719069,0.10082987288795581],[-0.14352768134831442,-0.049936630469396386,-0.02253927122795813,0.1393312441600876,0.13890079820123014,0.0,-0.1425866391515248,-0.08240094085212965,-0.10400175370526579,-0.016074809508945354,-0.019654760096835366],[-0.1078966199951314,-0.04632048009228794,-0.018946505157365227,0.18562610120648437,0.18266795701163424,-0.1425866391515248,0.0,-0.09057399117224466,-0.005404459156341822,0.07208514563712576,0.07208514563712815],[-0.1476445037013709,-0.051392979467915885,-0.04911348963517539,0.1755187956061901,0.171347994033617,-0.08240094085212965,-0.09057399117224466,0.0,0.03362711162120055,0.11111671641460785,0.11111671641460788],[-0.08851490476143448,-0.08471627315224904,-0.0960164911931797,0.14035627685159724,0.13938412499141795,-0.10400175370526579,-0.005404459156341822,0.03362711162120055,0.0,-0.01445615329601592,-0.014456153296015947],[-0.04995840174782187,-0.037335189524438456,-0.03419519126019189,0.10411067859486597,0.10035655072719069,-0.016074809508945354,0.07208514563712576,0.11111671641460785,-0.01445615329601592,0.0,-0.021002460271120068],[-0.03156007491249457,-0.04663342469314855,-0.04116992967984427,0.10845898335835291,0.10082987288795581,-0.019654760096835366,0.07208514563712815,0.11111671641460788,-0.014456153296015947,-0.021002460271120068,0.0]]),full_bounding_spheres:(averages:[[0.0,-0.045971982005951366,-0.04702917330212147,0.259009612117245,0.25998819020716113,0.3869396562717863,0.4453796468194959,0.49983739845099223,0.4855114215932462,0.5727170006127369,0.5722636070225865],[-0.045971982005951366,0.0,-0.4240137527975743,-0.03822735906506352,-0.03094841635903425,0.171627039666233,0.23006703021394223,0.2948256585821605,0.2861900065586997,0.3776033357018647,0.37651253832334586],[-0.04702917330212147,-0.4240137527975743,0.0,-0.03928455036123508,-0.03200560765520583,0.17056984837006137,0.22900983891777102,0.2937684672859888,0.28513281526252765,0.3765461444056922,0.375455347027174],[0.259009612117245,-0.03822735906506352,-0.03928455036123508,0.0,-0.20631108461147651,0.1312897698672624,0.18972976041497183,0.2640395870592075,0.25919810489604284,0.351979393727734,0.35069378403907725],[0.25998819020716113,-0.03094841635903425,-0.03200560765520583,-0.20631108461147651,0.0,0.07130544527846379,0.129745435826176,0.20461111814299837,0.20059430728901806,0.29455279289682884,0.29325519063173006],[0.3869396562717863,0.171627039666233,0.17056984837006137,0.1312897698672624,0.07130544527846379,0.0,-0.29234977173183674,-0.17842692103673605,-0.150901400539365,-0.023526854935948967,-0.02440572800698609],[0.4453796468194959,0.23006703021394223,0.22900983891777102,0.18972976041497183,0.129745435826176,-0.29234977173183674,0.0,-0.11998693048903111,-0.0924614099916528,0.03491313561176035,0.034034262540723205],[0.49983739845099223,0.2948256585821605,0.2937684672859888,0.2640395870592075,0.20461111814299837,-0.17842692103673605,-0.11998693048903111,0.0,-0.09807736252510346,0.038769053629693385,0.038695237057726234],[0.4855114215932462,0.2861900065586997,0.28513281526252765,0.25919810489604284,0.20059430728901806,-0.150901400539365,-0.0924614099916528,-0.09807736252510346,0.0,-0.08855756324201292,-0.08874822637602373],[0.5727170006127369,0.3776033357018647,0.3765461444056922,0.351979393727734,0.29455279289682884,-0.023526854935948967,0.03491313561176035,0.038769053629693385,-0.08855756324201292,0.0,-0.034888056406595855],[0.5722636070225865,0.37651253832334586,0.375455347027174,0.35069378403907725,0.29325519063173006,-0.02440572800698609,0.034034262540723205,0.038695237057726234,-0.08874822637602373,-0.034888056406595855,0.0]],maximums:[[0.0,-0.045971982005950596,-0.047029173302122196,0.3387569000110344,0.34594567922567265,0.7061874181693031,0.7646274087170124,0.874445677742388,0.9028039632659954,1.0363659984602376,1.0415011813869564],[-0.045971982005950596,0.0,-0.42401375279756903,-0.038227359065062916,-0.030948416358629938,0.3324809791282759,0.3909209696759853,0.5043858065854756,0.5310944353601563,0.6708271188442237,0.6718574654863605],[-0.047029173302122196,-0.42401375279756903,0.0,-0.03928455036123446,-0.03200560765480154,0.3314237878321044,0.38986377837981373,0.503328615289304,0.5300372440639844,0.6697699275480522,0.6708002741901888],[0.3387569000110344,-0.038227359065062916,-0.03928455036123446,0.0,-0.20631108461147143,0.1571183656064472,0.21555835615415653,0.32868271604487564,0.3556071885867766,0.4948373434608716,0.49564142084304974],[0.34594567922567265,-0.030948416358629938,-0.03200560765480154,-0.20631108461147143,0.0,0.07130544527846522,0.1297454358261746,0.2436177805064117,0.27117600554605953,0.41240792713379115,0.4141342089485771],[0.7061874181693031,0.3324809791282759,0.3314237878321044,0.1571183656064472,0.07130544527846522,0.0,-0.29234977173183996,-0.17842692103673818,-0.15090140053936069,-0.004420078299373298,-0.004051263172722586],[0.7646274087170124,0.3909209696759853,0.38986377837981373,0.21555835615415653,0.1297454358261746,-0.29234977173183996,0.0,-0.11998693048902873,-0.09246140999165137,0.05401991224833602,0.05438872737498676],[0.874445677742388,0.5043858065854756,0.503328615289304,0.32868271604487564,0.2436177805064117,-0.17842692103673818,-0.11998693048902873,0.0,-0.09807736252510382,0.04194039886615736,0.04193295604211303],[0.9028039632659954,0.5310944353601563,0.5300372440639844,0.3556071885867766,0.27117600554605953,-0.15090140053936069,-0.09246140999165137,-0.09807736252510382,0.0,-0.0804558169875452,-0.08047371149738322],[1.0363659984602376,0.6708271188442237,0.6697699275480522,0.4948373434608716,0.41240792713379115,-0.004420078299373298,0.05401991224833602,0.04194039886615736,-0.0804558169875452,0.0,0.004781217200967636],[1.0415011813869564,0.6718574654863605,0.6708002741901888,0.49564142084304974,0.4141342089485771,-0.004051263172722586,0.05438872737498676,0.04193295604211303,-0.08047371149738322,0.004781217200967636,0.0]],minimums:[[0.0,-0.045971982005950596,-0.047029173302122196,0.10305503266115601,0.04227407826119367,-0.28307044581751745,-0.22463045526980813,-0.15404572041369252,-0.1669254531533236,-0.11644319014228324,-0.1402275925019325],[-0.045971982005950596,0.0,-0.42401375279756903,-0.03822735906506369,-0.030948416359411757,-0.18460721638254732,-0.12616722583483794,-0.15697996929934893,-0.24613953230684318,-0.1517446524007371,-0.16828333570523968],[-0.047029173302122196,-0.42401375279756903,0.0,-0.039284550361235404,-0.03200560765558347,-0.18566440767871892,-0.1272244171310096,-0.15803716059552053,-0.24719672360301476,-0.1528018436969087,-0.16934052700141133],[0.10305503266115601,-0.03822735906506369,-0.039284550361235404,0.0,-0.20631108461147185,0.07173887280717506,0.13017886335488438,0.12502805838595824,0.046410052079848385,0.06948165387541605,0.06636582557382728],[0.04227407826119367,-0.030948416359411757,-0.03200560765558347,-0.20631108461147185,0.0,0.071305445278463,0.12974543582617237,0.10346739052727655,0.017784896109944714,0.037735553566625696,0.03724585264413738],[-0.28307044581751745,-0.18460721638254732,-0.18566440767871892,0.07173887280717506,0.071305445278463,0.0,-0.29234977173183996,-0.1784269210367386,-0.1509014005393616,-0.04012062056317858,-0.040261982788215356],[-0.22463045526980813,-0.12616722583483794,-0.1272244171310096,0.13017886335488438,0.12974543582617237,-0.29234977173183996,0.0,-0.11998693048902934,-0.09246140999165237,0.018319369984530626,0.01817800775949402],[-0.15404572041369252,-0.15697996929934893,-0.15803716059552053,0.12502805838595824,0.10346739052727655,-0.1784269210367386,-0.11998693048902934,0.0,-0.09807736252510468,0.03717251303983046,0.03717251794799073],[-0.1669254531533236,-0.24613953230684318,-0.24719672360301476,0.046410052079848385,0.017784896109944714,-0.1509014005393616,-0.09246140999165237,-0.09807736252510468,0.0,-0.09284076819180948,-0.09284075429096156],[-0.11644319014228324,-0.1517446524007371,-0.1528018436969087,0.06948165387541605,0.037735553566625696,-0.04012062056317858,0.018319369984530626,0.03717251303983046,-0.09284076819180948,0.0,-0.07299195380159977],[-0.1402275925019325,-0.16828333570523968,-0.16934052700141133,0.06636582557382728,0.03724585264413738,-0.040261982788215356,0.01817800775949402,0.03717251794799073,-0.09284075429096156,-0.07299195380159977,0.0]]),decomposition_convex_hulls:(averages:[[0.0,0.09238388761878014,0.0,0.0,0.05124536265660673,0.024872586131095886,0.003553226590156555,0.0,0.12847956213354927,0.20238579007983062,0.2432287031710133,0.26462261322140634,0.2821267204284679,0.33269413876534015,0.352543102496268,0.329635372526639,0.31603728251043817,0.3071124670558108,0.3003650073677365,0.26422718901329334,0.407164599874639,0.4372216098050848,0.4586117854360157,0.46509602927608196,0.46341459804825774,0.4794240277659537,0.5336423165900341,0.5406040740320239,0.5416841808580849,0.5579248827928259,0.47610281452220327,0.48656674574327435,0.5704358117913183,0.6160961670168956,0.5450426803771644,0.5640296867022895,0.6295911507730397,0.6314777400527443,0.665536384085193,0.6504810784703617,0.6483454570236789,0.6722548076416296,0.6503028849196545,0.6474300421107987,0.6370459598703367,0.6504637380012791,0.6377815041982724,0.6767232122314125,0.6482796399306885,0.6732076547738317,0.6961042200027712,0.6890271295275595,0.6967758125149206,0.6994923155440437,0.6717480853389671,0.6695353081178342,0.6961188232170356,0.6933989835684514,0.6895696842519683,0.6938842833940175,0.6921513026253784,0.6934975251144625,0.7001179927596233,0.6934231345187359,0.6943650085016745,0.6892844535190537,0.7054884589405749,0.6826302156269168,0.6943611412998033,0.7260069421916556,0.722095374980821,0.7192617413703182,0.7264133701015104,0.7294691146478484,0.7212478790712914,0.722486664103106,0.7297041649796622,0.7301543748317522,0.7249802592900562,0.7215007283177743,0.7181977806886594,0.7252167193132733,0.7288107567856754,0.7202353336954933,0.7211874329779095,0.7290634682949043,0.7295214394572775],[0.09238388761878014,0.0,0.09238388761878014,0.09238388761878014,0.04815691719595125,0.0,0.0,0.0,-0.001213212132453924,0.07269301581382633,0.11353592890500888,0.134929838955401,0.15243394616246084,0.20300136449932907,0.2266873109385985,0.2008448836059726,0.18627084692012325,0.17694553179908137,0.170103622069584,0.1344900423720919,0.2904940732310055,0.32493060893971737,0.34740471085253216,0.3522345168920193,0.3534430125576612,0.3691163662662787,0.4289295284716427,0.43956006599106867,0.44247078031619574,0.45630890788962924,0.3678051112588474,0.3782207003618334,0.4782169631768758,0.5321062115824229,0.449621684569644,0.4693364365525044,0.5523741233194995,0.554680938681943,0.5910091563899186,0.5750688076756789,0.5735674308327362,0.6013399411486932,0.5780624519607869,0.5694672691081146,0.5594469831090232,0.5720274985552476,0.5598427000183253,0.6040271120951909,0.5743117391300995,0.6020369780588066,0.6260818605355916,0.6188312576100711,0.6265690739052043,0.6293204880426683,0.60123119136476,0.5993068945929495,0.625617023449757,0.6234216264370329,0.6196463180899665,0.6249722014865117,0.6233633138643687,0.6236266545074107,0.6302101703267367,0.6240112721040655,0.6248994989445359,0.6206958241111251,0.6372274935537385,0.6140875263901593,0.6270096417031127,0.6589894736364013,0.6540444780516359,0.6513874549207757,0.6592058750732426,0.6627288193249242,0.6535897731673878,0.6548924622931988,0.6630860971602456,0.6635246434096486,0.6576685702572671,0.6532425700273127,0.6500566872003448,0.6577082134762801,0.66183869645376,0.6523088910824942,0.6532824977856388,0.6622001250262916,0.6626437260977026],[0.0,0.09238388761878014,0.0,0.0,0.024872604966468263,0.0,0.0,0.0,0.12847956213354927,0.20238579007983062,0.24340191050661109,0.26476885709057857,0.28223727923245884,0.3327861283175945,0.3586599689487493,0.3348138186310455,0.32060971311736414,0.31119431544934706,0.30380959578921535,0.2647880636260448,0.4145685144768615,0.4445977362072036,0.46560804133109335,0.47211523241851694,0.47048308205243544,0.48636551993854416,0.5406441751823581,0.5481723875540179,0.5492937658154428,0.5650210835661796,0.48315554006275774,0.49340738876686346,0.578121795864019,0.6241645318808408,0.5527115213497641,0.5715774094482466,0.6379633288714326,0.6396983930315517,0.6741349514961122,0.6591161976309399,0.6569736986277275,0.680744843569967,0.6590102508169176,0.6556653304129269,0.645378610212102,0.6586481285054365,0.6460918318573412,0.6852583949133472,0.6569728285951489,0.681569576610145,0.7043933835545463,0.697904489844196,0.7052515687798818,0.7078247923271289,0.6800760270293345,0.6779901230999085,0.7043596360245243,0.7017621778464541,0.6977666684321641,0.7022532869635483,0.7002667684150333,0.7018795982095967,0.7084065967981947,0.7021076833116711,0.7028473059193548,0.6979704161297796,0.71425947950474,0.6911213621482237,0.7027880291547881,0.7344296680218445,0.7304787350061509,0.7277052042777635,0.7348495569880305,0.7378649933296141,0.7296924237010057,0.7309571964941884,0.7381790647740907,0.738558596547087,0.7332805116024093,0.7297714025076993,0.7265282877102631,0.7335336413079152,0.7370955205095119,0.7285589230871532,0.7295323723380974,0.7374188507181468,0.7378077534281944],[0.0,0.09238388761878014,0.0,0.0,0.057211365232140494,0.0,0.0,0.0,0.12847956213354927,0.20238579007983062,0.2432668392647473,0.26466029670092295,0.28214399704380794,0.3327071371716315,0.35701651945206536,0.3334662984196766,0.31928434082878343,0.30991021280681413,0.3026510882150881,0.2644528997843871,0.4124798910246602,0.4423884394145531,0.4633983132861416,0.4699956346671045,0.46814986779416146,0.48412001313005065,0.5379314090626737,0.5451520993429047,0.5461023467555323,0.5620643807530806,0.48058864707011767,0.4907379592754942,0.5745910751287472,0.6200957259704469,0.5492932698173638,0.5681478814854045,0.6333455027411888,0.6351816740146817,0.6692524442113754,0.6541939921343682,0.6521431348279286,0.67591237813168,0.6541139003479522,0.6510908209225,0.6406025378427872,0.654086600456184,0.6413219564254619,0.6804248465397322,0.6520955652895961,0.6767992355512991,0.6997634015730881,0.6929816219193206,0.7005407046272164,0.7032001746898463,0.6753992227014571,0.6732503151596545,0.6996225554396761,0.6970068727170489,0.6930770797752408,0.6975557573803551,0.695711294868096,0.6971870284080722,0.7037860921229652,0.6973373939685223,0.6981574899205037,0.6931857653089818,0.7094618794853363,0.6863492086536448,0.6980296392365353,0.7298002642795314,0.7258968672741283,0.7230806277691606,0.7302136928785247,0.7332360417829644,0.7250723873814464,0.7263165031299051,0.7335374330819588,0.7339454460771161,0.728741009560171,0.7252240480002218,0.7219382709562883,0.7289802369293596,0.7325552827120589,0.7240051510178569,0.7249682872375511,0.7328659600147954,0.7332850431811815],[0.05124536265660673,0.04815691719595125,0.024872604966468263,0.057211365232140494,0.0,0.0,0.0159895196557045,0.03730887919664383,0.08541483210890706,0.1560191613516886,0.20035710769861934,0.2215302668802739,0.23780486809344253,0.2869545718844309,0.32600730865194,0.30112837679556476,0.2862713289931454,0.2759341312820645,0.26718175830902624,0.2266767161777392,0.3880091418225149,0.4208215120629522,0.44269445949270625,0.4480072296611464,0.4481658670603417,0.4642250058939946,0.5226524446609603,0.5324509458536716,0.5349125553369147,0.549054861745125,0.46265049104836375,0.47327091767245966,0.5687470268297852,0.6201234808798671,0.5411077626000345,0.5606113627593162,0.6382838405243986,0.640227415143767,0.6761250006831471,0.6605206122552104,0.6587655848698251,0.6847695693308526,0.6622338582049226,0.6557042113868955,0.6457054266462914,0.6583936357331037,0.6461320018521544,0.6882672287103457,0.6591866301018005,0.6854645404173335,0.7088752876182811,0.7022189759640387,0.7095649775402075,0.7122031431731896,0.6843191430102649,0.6824715909881153,0.7086095785821921,0.7062295911116795,0.7023804304945039,0.7073192491458641,0.7054221524458596,0.706398725306663,0.7129492706083012,0.7068044831835395,0.7075742754543509,0.7030947052478794,0.7194879673787571,0.6963698377046923,0.7084974726987227,0.7402233271226569,0.7358270985009538,0.7331301478387782,0.7405526766691317,0.7438065732566176,0.735217993799347,0.7364952786890245,0.7441607278023676,0.7445574980036481,0.7389956741160538,0.7350421564600189,0.7318588133979472,0.739153806759414,0.7429624919795101,0.7340061636957683,0.734989001437456,0.7433331175579555,0.7437282450373354],[0.024872586131095886,0.0,0.0,0.0,0.0,0.0,0.0,0.02131935954093933,0.03609567451476969,0.1100019024610506,0.15152674953388354,0.17303561172592155,0.19015309110524967,0.240540876357978,0.26985350285668097,0.24484620018480371,0.23017074585285438,0.22045622829464923,0.21267771021824175,0.17375431873604294,0.3323879321385808,0.3658820588755634,0.38816059816342385,0.3932419833839981,0.39354637214667076,0.4094016396466478,0.46797819546684305,0.4778473736722658,0.4802589430494111,0.49449622418908484,0.40786991500268943,0.41844188964501244,0.5139688069898899,0.5653089231256411,0.48636928315361005,0.5058836766150004,0.5832565193907511,0.5852690647624624,0.6210003086779854,0.6053758465232704,0.6037711589423299,0.6297012297480611,0.6071410812366054,0.6006754987734707,0.5905507010264898,0.6033088766151768,0.5909215047823292,0.6331843330221933,0.6041696114879755,0.6304149076730586,0.6538901044085607,0.6471115570317667,0.654622673650435,0.6573128060726972,0.6293091029239581,0.6274333865700816,0.6534437283301299,0.6511081639324421,0.6472592642016616,0.6522206246474885,0.6504076520444404,0.6514586416361463,0.6579967974452912,0.6518717065806516,0.6526624302449148,0.6480974042878678,0.6645860976938873,0.6413953428557514,0.6535134578586851,0.6853796357903612,0.6809264437921099,0.6782130842405163,0.6856868799381093,0.6889488668297746,0.6803291289107621,0.6816101824332597,0.6893136754018397,0.6897184377822475,0.6841574022423446,0.6801476284322596,0.676947513704172,0.6842950450170154,0.6881237512218906,0.6791179387706614,0.6801072520321586,0.6884993896344269,0.6889090277986153],[0.003553226590156555,0.0,0.0,0.0,0.0159895196557045,0.0,0.0,0.0,0.03609567451476969,0.1100019024610506,0.1509165380955542,0.17233165420856653,0.18977247183594834,0.24032424902005345,0.26789130664351607,0.24263476964810607,0.22793415906887807,0.21824124103078066,0.21065814644640174,0.17225540216067042,0.33072385479028477,0.3643247940963381,0.3867334826590324,0.3916751991150211,0.3921892521962835,0.40801004875726854,0.4670940958277525,0.4772432609844791,0.47987873596629105,0.4939662213238418,0.4066437695451251,0.4173615630432477,0.5141838755206205,0.566119326524155,0.48638971036514467,0.5059668990340247,0.5846439673910642,0.5867605002360952,0.6224605365977646,0.6067841746920611,0.6051950605705837,0.6315723202795208,0.6088374517544589,0.6020164074961009,0.5918874614412891,0.6045822334141719,0.5922329055056551,0.6348677816658671,0.6056681470103742,0.6323171717009438,0.6559297271615344,0.6489668472096194,0.6565899058911893,0.6593021695832728,0.6312791874130917,0.6294038163863049,0.6555403066833977,0.6532318040774407,0.6493865939191775,0.6543559570250971,0.6525806911419685,0.6534771035981335,0.6600315273153073,0.6538339616847955,0.6546822693192944,0.6501440224738121,0.6666273457097895,0.643514350072256,0.6558239569856134,0.6876097010291461,0.6831110030564627,0.6804181957130163,0.6879137383762061,0.6911862240542292,0.682518405283669,0.6838066014465654,0.6915279051371196,0.6919451282977093,0.686351295829874,0.6822945897092096,0.6791081247307449,0.6864774580851752,0.6903337870958712,0.6812633083334997,0.682251295191692,0.6907029663910127,0.6911176255531137],[0.0,0.0,0.0,0.0,0.03730887919664383,0.02131935954093933,0.0,0.0,0.03609567451476969,0.1100019024610506,0.15084481555223325,0.17223872560262538,0.18974283280968524,0.2403102511465535,0.2642063265027995,0.2391893486551351,0.2247701104883406,0.21541328128676349,0.20836560068385107,0.171841069800305,0.3258609200583821,0.3592489798579503,0.38156989151554926,0.3867761856408492,0.38728853847812256,0.4031887842978942,0.4617509858236149,0.47148477670754174,0.47400114473291477,0.4883717384631139,0.40136892867289975,0.4119191265383938,0.5077439107359373,0.5591352184291545,0.48019110709493446,0.4996574200586483,0.5772245476670572,0.579464238861378,0.6148219474242258,0.5991572666647146,0.5974840337465255,0.6238661416609128,0.6011301336190384,0.5945273929426943,0.5843472208522619,0.5971671434653997,0.5847437637833317,0.6271839328670157,0.5979512075563758,0.6246179026500643,0.6481511439893135,0.6411654251178045,0.6487268253347724,0.6515168794193648,0.6234974691388622,0.6215487255171339,0.6478569241670533,0.6454614518997344,0.6416610394304489,0.6465530223562237,0.6448750606806556,0.6456798893446669,0.6522876886899545,0.6460027056194247,0.6468508793069199,0.6422278630725449,0.6587586589223425,0.6356229983867475,0.6479894172311766,0.679829929028231,0.6753479310084776,0.6726370699836536,0.6801458530630312,0.6834174675399227,0.6747321757054164,0.676020151419008,0.6837252326997714,0.6841487464048637,0.6785683964365071,0.6745570796710751,0.6713489225114585,0.678710508574933,0.6825626241805012,0.673488190017147,0.6744699712116189,0.6828869385653196,0.683312186188331],[0.12847956213354927,-0.001213212132453924,0.12847956213354927,0.12847956213354927,0.08541483210890706,0.03609567451476969,0.03609567451476969,0.03609567451476969,0.0,0.0,0.04084291309118271,0.06223682314157486,0.07974093034863472,0.13030834868550303,0.15929244012780736,0.1301612068183382,0.1147102498865308,0.10479486878237217,0.09765444947556091,0.06179702655826908,0.23070457729918872,0.2675293287693003,0.2900614084583777,0.29337689672826367,0.29510217354387014,0.3097411504215026,0.37322549086791007,0.38596077001561924,0.3897354048566239,0.4023560459121943,0.31089824548266454,0.32110343672797603,0.42943256358137083,0.4880270083046883,0.3990433404000028,0.4191090809536252,0.5120527282718769,0.5145606855116123,0.552510441324152,0.5360347246878798,0.5348422260414614,0.5645897821033463,0.5405186654848778,0.5287671737804231,0.5191371235043291,0.5310475925265344,0.5193018029874935,0.5664643147396022,0.5359766012052452,0.5651187583758921,0.5894952973548907,0.582266466174945,0.5898752482357449,0.5926748199495917,0.5645223638276197,0.562841904719789,0.5887017369976907,0.586624242547224,0.5828970657910724,0.5884421368952105,0.5868807515303596,0.5870356390028374,0.5934933022111453,0.5875969459788604,0.5884455328533346,0.5843345188355082,0.6010362911170789,0.577807099337114,0.5912142717169496,0.623250662766658,0.6180192876480227,0.6154078107740718,0.6234223460535774,0.6271171136571826,0.6176617152686265,0.6189669407207656,0.6274686932325992,0.6278904136137685,0.6219019627702254,0.6171648441220097,0.6140207184215641,0.6218937130264109,0.6261749635260716,0.6163401578887744,0.6173283820749024,0.6265417891800175,0.626967322519523],[0.20238579007983062,0.07269301581382633,0.20238579007983062,0.20238579007983062,0.1560191613516886,0.1100019024610506,0.1100019024610506,0.1100019024610506,0.0,0.0,0.0,0.021393910050392154,0.03889801725745201,0.0894654355943203,0.12694773360498063,0.09972170092044383,0.08507443503269582,0.07359260199893122,0.06284867751649359,0.02125358135163261,0.2025618473139592,0.2401918707199922,0.2626535589152434,0.265012182002533,0.26663278532348894,0.28144515443847135,0.3466707070690925,0.36072128016908767,0.3654190536406556,0.37664287174965344,0.2835209380126455,0.29345429515061006,0.4081972713310565,0.46994736210158894,0.3765830251117807,0.39696509094976845,0.496103483864212,0.49886153057080473,0.5378477758859413,0.5209468718171645,0.5199186134196853,0.5509331240755201,0.5263269262851253,0.5126971356181163,0.503432653268993,0.51481951917422,0.5034323081543902,0.5523022097985227,0.5213253614454463,0.5513751770358662,0.5760879672223718,0.5686554588440985,0.5763579936697846,0.5791617153805807,0.5509805134637337,0.5493470340321157,0.5751418708452932,0.5731886557811636,0.56951059262423,0.5752307713598226,0.5737034899298006,0.573595966530536,0.5800703921335401,0.5742250983692695,0.5751132901616105,0.5711304944537777,0.5879208492871211,0.5646496583825606,0.5784321998808978,0.6104466547436718,0.6049915861535806,0.6024346746863554,0.6105980349798654,0.6143758235999552,0.6047085036582855,0.6060431594473492,0.6147251185718838,0.6151617127559186,0.6090679300865728,0.6041614274690178,0.6010360325338746,0.6090312695513492,0.6134270193522854,0.6033716484655779,0.6043665523743099,0.6137977191389358,0.6142380563918257],[0.2432287031710133,0.11353592890500888,0.24340191050661109,0.2432668392647473,0.20035710769861934,0.15152674953388354,0.1509165380955542,0.15084481555223325,0.04084291309118271,0.0,0.0,0.0,0.01750410720705986,0.06807152554392816,0.11266110044507048,0.0861049101260231,0.07087158398146634,0.05587913648038317,0.04461993498428353,0.004859414972018751,0.18903041334385168,0.2268242164179341,0.24906118487885243,0.25112461044010204,0.25272377926765704,0.2672714928125694,0.33330421569127916,0.34788870154989027,0.352995756719353,0.36354400290587374,0.2697798142189957,0.2796630330219694,0.39828478050501603,0.46281638461807695,0.36530747141797926,0.3860931028963055,0.49115774131106216,0.4940145692359432,0.534195909606463,0.5170319320512665,0.5161161055131112,0.5479300472823271,0.5229296930287942,0.5077655783933335,0.4988904411305738,0.5097548348529181,0.49880662427669514,0.5489614584930799,0.5176906205923393,0.5482973951828912,0.5730308550035601,0.5656739342656065,0.5733294249011859,0.5761168199950005,0.5478628991013174,0.5464270811405637,0.5720219973433163,0.5701152332465979,0.5664457203301163,0.5722069949905875,0.5706403671455318,0.570585161823539,0.5769590190893792,0.5711587283948028,0.5720488729875383,0.5680010985004417,0.5848629332667686,0.5615968705373418,0.5754923763153053,0.6075175743769354,0.6019978632163645,0.5994452032782428,0.6076640203900021,0.6114741680080977,0.6017326084441422,0.603077197995032,0.6118151403176663,0.6122384462088711,0.6061754632255296,0.6012086185295239,0.5980879569374141,0.6061299624842071,0.6105743915539472,0.6004272820679329,0.601425494322759,0.6109275932135984,0.6113462423691935],[0.26462261322140634,0.134929838955401,0.26476885709057857,0.26466029670092295,0.2215302668802739,0.17303561172592155,0.17233165420856653,0.17223872560262538,0.06223682314157486,0.021393910050392154,0.0,0.0,0.0,0.05056741833686829,0.10208594548992617,0.07342394182992547,0.05424250765104083,0.037334331237989384,0.026750942022750135,-0.0010224263240052628,0.1790817906864391,0.21695021826304794,0.23875090130637244,0.24054628208862172,0.24198323343801512,0.2553582015946545,0.3218873370377728,0.3364865416205538,0.34133877921297806,0.35230841490699016,0.25847992947844867,0.26800535005352555,0.3864233642593798,0.45114575980184446,0.35332678109086635,0.3741102931726719,0.4800925854010904,0.48303477507546244,0.5236449825021641,0.5063714205043901,0.5055309529094784,0.5376639762229667,0.512480769639829,0.49670810607450927,0.4879463973765173,0.498661465054079,0.4878654100831059,0.5385951610623235,0.5071787401403985,0.5380527997153721,0.5628962930473344,0.5555096901492947,0.5631799848531718,0.5659994865162747,0.5376635401325529,0.5362722572192512,0.5618206458738308,0.5599524534739917,0.5563082962679575,0.5621721414444796,0.5606492302571142,0.5604526823387941,0.5668199060926401,0.5610433470915047,0.5619616808377569,0.5579365607332072,0.5748500109372732,0.5515406429412438,0.5656427973993361,0.5977439719774255,0.5921133319403548,0.5895658787221606,0.5978701709035332,0.6017517659039455,0.5918796349022856,0.5932287179453803,0.6020788449889828,0.6024978510395588,0.5964241084988794,0.591337723625461,0.588219980981459,0.5963601771004984,0.6008758457766592,0.5905971440236432,0.59159