{"full_convex_hulls":{"averages":[[0.0,0.0009998934751420578,0.13733939489219774,0.29532966557767953,0.3667823733674919,0.4349609832194408,0.5380843303384394,0.583215172381493,0.5758769820991916,0.6369190100337571,0.6364634948890899],[0.0009998934751420578,0.0,-0.03473896389871376,0.1393395524098531,0.20895912602736536,0.2997303843418064,0.4236311820000193,0.47588760765736005,0.47093286360079595,0.5330316661631079,0.531998078234932],[0.13733939489219774,-0.03473896389871376,0.0,0.0009998013128642647,0.06844932947554151,0.19286153235833797,0.3558857309677543,0.41593569125715346,0.4117307847702423,0.4734913822481106,0.47247804657173026],[0.29532966557767953,0.1393395524098531,0.0009998013128642647,0.0,-0.03700841388253017,0.07142221586190044,0.27482901834585866,0.3440854986123877,0.34160639070126114,0.4028418253531455,0.4012803443408148],[0.3667823733674919,0.20895912602736536,0.06844932947554151,-0.03700841388253017,0.0,0.0009999986886972208,0.201595258072389,0.2698175142658068,0.26620933602375757,0.3299263955888349,0.32844845133754946],[0.4349609832194408,0.2997303843418064,0.19286153235833797,0.07142221586190044,0.0009999986886972208,0.0,-0.027417373968523607,0.017357491117590603,0.045073759646405816,0.12486904917011643,0.12206314996333525],[0.5380843303384394,0.4236311820000193,0.3558857309677543,0.27482901834585866,0.201595258072389,-0.027417373968523607,0.0,0.0007999502121592719,0.029922132542188166,0.11433331227528891,0.11433330389900377],[0.583215172381493,0.47588760765736005,0.41593569125715346,0.3440854986123877,0.2698175142658068,0.017357491117590603,0.0007999502121592719,0.0,-0.023275809371295267,0.05886457427874679,0.058733335179192894],[0.5758769820991916,0.47093286360079595,0.4117307847702423,0.34160639070126114,0.26620933602375757,0.045073759646405816,0.029922132542188166,-0.023275809371295267,0.0,-0.007466644793104691,-0.007466644793104696],[0.6369190100337571,0.5330316661631079,0.4734913822481106,0.4028418253531455,0.3299263955888349,0.12486904917011643,0.11433331227528891,0.05886457427874679,-0.007466644793104691,0.0,0.015791273135596598],[0.6364634948890899,0.531998078234932,0.47247804657173026,0.4012803443408148,0.32844845133754946,0.12206314996333525,0.11433330389900377,0.058733335179192894,-0.007466644793104696,0.015791273135596598,0.0]],"maximums":[[0.0,0.0009998935803531203,0.13802754982465787,0.3879595525498045,0.464491108610199,0.6445519507093747,0.858928182606924,0.9704348481259862,1.0008193048120038,1.0842026498608273,1.0780555640955265],[0.0009998935803531203,0.0,-0.03139169833197558,0.14002959535215578,0.2189149900356817,0.40184925372311836,0.6180142464830571,0.7343558742780718,0.7742459521055497,0.8618399093280324,0.8480279549278137],[0.13802754982465787,-0.03139169833197558,0.0,0.0009998016361281292,0.07010593846881141,0.253070555723719,0.46943878900874214,0.5856105885266331,0.62835765986938,0.718623074174183,0.7017888236128021],[0.3879595525498045,0.14002959535215578,0.0009998016361281292,0.0,-0.033555463068833474,0.07303530322487278,0.2899107825939505,0.4059594990906011,0.4534344359220973,0.5439414463076009,0.5277909864880267],[0.464491108610199,0.2189149900356817,0.07010593846881141,-0.033555463068833474,0.0,0.0009999986887108403,0.21214196483763761,0.3282726851444128,0.3762882816699703,0.46884222846085266,0.4528820632376554],[0.6445519507093747,0.40184925372311836,0.253070555723719,0.07303530322487278,0.0009999986887108403,0.0,-0.022736558736136468,0.022153824575940492,0.06983144511700698,0.16382988361822903,0.14727126250221578],[0.858928182606924,0.6180142464830571,0.46943878900874214,0.2899107825939505,0.21214196483763761,-0.022736558736136468,0.0,0.0007999502122913726,0.029926038828121056,0.11433338198077736,0.11433330440024964],[0.9704348481259862,0.7343558742780718,0.5856105885266331,0.4059594990906011,0.3282726851444128,0.022153824575940492,0.0007999502122913726,0.0,-0.02327580937129496,0.05995807730283138,0.058733335351746664],[1.0008193048120038,0.7742459521055497,0.62835765986938,0.4534344359220973,0.3762882816699703,0.06983144511700698,0.029926038828121056,-0.02327580937129496,0.0,-0.007466644793104432,-0.007466644793104432],[1.0842026498608273,0.8618399093280324,0.718623074174183,0.5439414463076009,0.46884222846085266,0.16382988361822903,0.11433338198077736,0.05995807730283138,-0.007466644793104432,0.0,0.05446390813604791],[1.0780555640955265,0.8480279549278137,0.7017888236128021,0.5277909864880267,0.4528820632376554,0.14727126250221578,0.11433330440024964,0.058733335351746664,-0.007466644793104432,0.05446390813604791,0.0]],"minimums":[[0.0,0.000999893426895132,0.12401806946338567,0.1620510234372172,0.11375161986271265,-0.10566692438272948,-0.1061297127073812,-0.08771334663384048,-0.09146709392268731,-0.04787656844067664,-0.035831698857236846],[0.000999893426895132,0.0,-0.04265801261157829,0.12597649375610104,0.13887951921126032,-0.0981828725001433,-0.029829421122096588,-0.056188871968118906,-0.09123100519986607,-0.035477729322966764,-0.04844214254398725],[0.12401806946338567,-0.04265801261157829,0.0,0.0009998012271620637,0.047725556043182835,-0.03384817100958563,-0.0010874819602626252,-0.003456832981746336,-0.06048536633266548,-0.04109199308143757,-0.058573454855497885],[0.1620510234372172,0.12597649375610104,0.0009998012271620637,0.0,-0.04635996575576405,0.050923496155184794,0.17170962682664265,0.17902077704281252,0.1091138691270761,0.07994763393148684,0.09683871929723364],[0.11375161986271265,0.13887951921126032,0.047725556043182835,-0.04635996575576405,0.0,0.0009999986886828766,0.13630659360927955,0.15221735345464715,0.08601757314842004,0.03989609266742474,0.04289361936345034],[-0.10566692438272948,-0.0981828725001433,-0.03384817100958563,0.050923496155184794,0.0009999986886828766,0.0,-0.0501374199722088,-0.05153284850365416,-0.06704673851893075,-0.02643161343534849,0.012520803028222978],[-0.1061297127073812,-0.029829421122096588,-0.0010874819602626252,0.17170962682664265,0.13630659360927955,-0.0501374199722088,0.0,0.0007999502120258559,0.02991833109237066,0.11433330348692361,0.11433330348694773],[-0.08771334663384048,-0.056188871968118906,-0.003456832981746336,0.17902077704281252,0.15221735345464715,-0.05153284850365416,0.0007999502120258559,0.0,-0.02327580937129575,0.05873333460672228,0.058733334849141845],[-0.09146709392268731,-0.09123100519986607,-0.06048536633266548,0.1091138691270761,0.08601757314842004,-0.06704673851893075,0.02991833109237066,-0.02327580937129575,0.0,-0.007466644793104945,-0.007466644793104945],[-0.04787656844067664,-0.035477729322966764,-0.04109199308143757,0.07994763393148684,0.03989609266742474,-0.02643161343534849,0.11433330348692361,0.05873333460672228,-0.007466644793104945,0.0,-0.020998262690800063],[-0.035831698857236846,-0.04844214254398725,-0.058573454855497885,0.09683871929723364,0.04289361936345034,0.012520803028222978,0.11433330348694773,0.058733334849141845,-0.007466644793104945,-0.020998262690800063,0.0]]},"full_obbs":{"averages":[[0.0,0.0009998934268951477,0.12314334562533022,0.24809987201360711,0.2996613503011256,0.3634084480977358,0.4583545380652507,0.5095860583912087,0.5056549478035992,0.5820870238205272,0.581398379814483],[0.0009998934268951477,0.0,-0.11001544818309121,0.12531244009132167,0.16189508264905125,0.2421237778216702,0.35689118052559526,0.41715593903070525,0.4136785503909574,0.49157812516134547,0.49025091540732424],[0.12314334562533022,-0.11001544818309121,0.0,0.000999801218416824,0.038766999963187644,0.14708717976601854,0.29879534032537775,0.3651103566139116,0.3621495884233103,0.4389527047759802,0.43744004436396355],[0.24809987201360711,0.12531244009132167,0.000999801218416824,0.0,-0.11000042036202722,0.041628823438752446,0.22395470831116415,0.298189166784343,0.2964178992458532,0.37008102718210856,0.36797451790409214],[0.2996613503011256,0.16189508264905125,0.038766999963187644,-0.11000042036202722,0.0,0.0009999986886412946,0.1802876852824027,0.25097655318857787,0.24838684843796344,0.31937766698960124,0.31731682576238696],[0.3634084480977358,0.2421237778216702,0.14708717976601854,0.041628823438752446,0.0009999986886412946,0.0,-0.09898476302649309,-0.012852755251193837,0.011159299688786609,0.10878199335608005,0.10668865294321914],[0.4583545380652507,0.35689118052559526,0.29879534032537775,0.22395470831116415,0.1802876852824027,-0.09898476302649309,0.0,0.0007999502122189015,0.029854190692339896,0.1143333034871212,0.11433330348714307],[0.5095860583912087,0.41715593903070525,0.3651103566139116,0.298189166784343,0.25097655318857787,-0.012852755251193837,0.0007999502122189015,0.0,-0.025745778188109837,0.058733334606722046,0.058733334606722074],[0.5056549478035992,0.4136785503909574,0.3621495884233103,0.2964178992458532,0.24838684843796344,0.011159299688786609,0.029854190692339896,-0.025745778188109837,0.0,-0.007466645294590962,-0.007466645294590957],[0.5820870238205272,0.49157812516134547,0.4389527047759802,0.37008102718210856,0.31937766698960124,0.10878199335608005,0.1143333034871212,0.058733334606722046,-0.007466645294590962,0.0,0.012326421214820969],[0.581398379814483,0.49025091540732424,0.43744004436396355,0.36797451790409214,0.31731682576238696,0.10668865294321914,0.11433330348714307,0.058733334606722074,-0.007466645294590957,0.012326421214820969,0.0]],"maximums":[[0.0,0.0009998934268951876,0.13794141047894493,0.38795542223119206,0.45839147306271544,0.6427978702613028,0.8388827477650957,0.9644494585028944,0.9852731852839864,1.0972896943400843,1.0753390499043707],[0.0009998934268951876,0.0,-0.11001544818309046,0.13996308665823332,0.2119140254056422,0.39554326206601703,0.597776966448243,0.716681602130073,0.74730418578876,0.8492874079059108,0.8327307741887222],[0.13794141047894493,-0.11001544818309046,0.0,0.0009998012185354899,0.06956705487533732,0.25238418566323045,0.46509932348626426,0.5804245041379567,0.609878606177999,0.7125066189015405,0.7054402258807796],[0.38795542223119206,0.13996308665823332,0.0009998012185354899,0.0,-0.11000042036202644,0.07249707440041905,0.2846505228033519,0.3991880799099028,0.43185543216255856,0.5367020835510974,0.5270438051966144],[0.45839147306271544,0.2119140254056422,0.06956705487533732,-0.11000042036202644,0.0,0.0009999986887481854,0.21195256449786526,0.3248602233623987,0.3571701521064439,0.46553316881882023,0.450774569484633],[0.6427978702613028,0.39554326206601703,0.25238418566323045,0.07249707440041905,0.0009999986887481854,0.0,-0.09898476302648336,0.012896122983733485,0.04503790610642004,0.15333446618547614,0.1385758668511884],[0.8388827477650957,0.597776966448243,0.46509932348626426,0.2846505228033519,0.21195256449786526,-0.09898476302648336,0.0,0.0007999502124256819,0.02985419069250181,0.11433330348733795,0.11433330348723494],[0.9644494585028944,0.716681602130073,0.5804245041379567,0.3991880799099028,0.3248602233623987,0.012896122983733485,0.0007999502124256819,0.0,-0.025745778188109192,0.05873333460672338,0.05873333460672342],[0.9852731852839864,0.74730418578876,0.609878606177999,0.43185543216255856,0.3571701521064439,0.04503790610642004,0.02985419069250181,-0.025745778188109192,0.0,-0.007466645294590624,-0.007466645294590568],[1.0972896943400843,0.8492874079059108,0.7125066189015405,0.5367020835510974,0.46553316881882023,0.15333446618547614,0.11433330348733795,0.05873333460672338,-0.007466645294590624,0.0,0.05104952480312333],[1.0753390499043707,0.8327307741887222,0.7054402258807796,0.5270438051966144,0.450774569484633,0.1385758668511884,0.11433330348723494,0.05873333460672342,-0.007466645294590568,0.05104952480312333,0.0]],"minimums":[[0.0,0.000999893426895132,0.10225248403412146,0.0023181590636049167,0.004576501589452534,-0.18298383547213387,-0.12737138439961132,-0.11091791987898274,-0.11817444109193234,-0.035925413924590734,-0.030924251571058957],[0.000999893426895132,0.0,-0.1100154481830907,0.1053425308972225,0.09841046833775546,-0.12232939218051322,-0.08585385896186629,-0.06427958946722795,-0.12295835282814113,-0.06368039245296381,-0.06631981195411304],[0.10225248403412146,-0.1100154481830907,0.0,0.0009998012180963967,-0.01364694618433153,-0.0918616994971472,-0.031690191422806865,-0.07259501900074802,-0.11703500414381161,-0.06323089154422112,-0.05315322585477998],[0.0023181590636049167,0.1053425308972225,0.0009998012180963967,0.0,-0.11000042036202676,-0.007912488906660345,0.11024349923903401,0.146729388049881,0.07963373946366929,0.03428160533874403,0.03752633073473643],[0.004576501589452534,0.09841046833775546,-0.01364694618433153,-0.11000042036202676,0.0,0.000999998688307413,0.1173894991500593,0.15039981310900707,0.08543220521146344,0.039677893349042814,0.03957160783391052],[-0.18298383547213387,-0.12232939218051322,-0.0918616994971472,-0.007912488906660345,0.000999998688307413,0.0,-0.09898476302649327,-0.07855714477400905,-0.07626951029789962,-0.014995402002998579,0.003526311094017534],[-0.12737138439961132,-0.08585385896186629,-0.031690191422806865,0.11024349923903401,0.1173894991500593,-0.09898476302649327,0.0,0.0007999502120071278,0.02985419069228082,0.11433330348692808,0.11433330348699061],[-0.11091791987898274,-0.06427958946722795,-0.07259501900074802,0.146729388049881,0.15039981310900707,-0.07855714477400905,0.0007999502120071278,0.0,-0.025745778188109636,0.05873333460672259,0.05873333460672253],[-0.11817444109193234,-0.12295835282814113,-0.11703500414381161,0.07963373946366929,0.08543220521146344,-0.07626951029789962,0.02985419069228082,-0.025745778188109636,0.0,-0.0074666452945910955,-0.007466645294591075],[-0.035925413924590734,-0.06368039245296381,-0.06323089154422112,0.03428160533874403,0.039677893349042814,-0.014995402002998579,0.11433330348692808,0.05873333460672259,-0.0074666452945910955,0.0,-0.02100246027112007],[-0.030924251571058957,-0.06631981195411304,-0.05315322585477998,0.03752633073473643,0.03957160783391052,0.003526311094017534,0.11433330348699061,0.05873333460672253,-0.007466645294591075,-0.02100246027112007,0.0]]},"full_bounding_spheres":{"averages":[[0.0,-0.08983090177842501,-0.05881319927689114,0.19114554946537382,0.27293680206877013,0.3157017619557212,0.4401578322154218,0.482320677369955,0.4672971947367112,0.5587647808371101,0.5575557961092423],[-0.08983090177842501,0.0,-0.27749554304949475,-0.05469965099341485,0.039637766796248114,0.10953803217116313,0.2592058069611486,0.3075558458647098,0.294733689258425,0.3897534332945692,0.38763118658176376],[-0.05881319927689114,-0.27749554304949475,0.0,-0.09015985863212587,0.006739091114169596,0.08440932958842914,0.24005171894706312,0.28977323221997725,0.2772747096787145,0.37278788101555227,0.3704252343597791],[0.19114554946537382,-0.05469965099341485,-0.09015985863212587,0.0,-0.15059072207578508,0.018949383810414368,0.21021898224343036,0.2669453392252688,0.25594557688242386,0.35325514735338415,0.35015025154010965],[0.27293680206877013,0.039637766796248114,0.006739091114169596,-0.15059072207578508,0.0,-0.08860908907194612,0.10800116584642909,0.1681820108393423,0.15900147913595952,0.2604073866332233,0.25676341840028705],[0.3157017619557212,0.10953803217116313,0.08440932958842914,0.018949383810414368,-0.08860908907194612,0.0,-0.1334140707955311,-0.06439526009033664,-0.06293237456937556,0.06091688217072616,0.056515463215177135],[0.4401578322154218,0.2592058069611486,0.24005171894706312,0.21021898224343036,0.10800116584642909,-0.1334140707955311,0.0,-0.08609762769006589,-0.06616171768238693,0.07631419423067871,0.07418754168525336],[0.482320677369955,0.3075558458647098,0.28977323221997725,0.2669453392252688,0.1681820108393423,-0.06439526009033664,-0.08609762769006589,0.0,-0.14364370176878397,-0.005345745934581118,-0.008716827838857145],[0.4672971947367112,0.294733689258425,0.2772747096787145,0.25594557688242386,0.15900147913595952,-0.06293237456937556,-0.06616171768238693,-0.14364370176878397,0.0,-0.08167188868878716,-0.08473425042193183],[0.5587647808371101,0.3897534332945692,0.37278788101555227,0.35325514735338415,0.2604073866332233,0.06091688217072616,0.07631419423067871,-0.005345745934581118,-0.08167188868878716,0.0,-0.03509577302754161],[0.5575557961092423,0.38763118658176376,0.3704252343597791,0.35015025154010965,0.25676341840028705,0.056515463215177135,0.07418754168525336,-0.008716827838857145,-0.08473425042193183,-0.03509577302754161,0.0]],"maximums":[[0.0,-0.07044147735514822,-0.03227544239553076,0.2692924088087405,0.3917782101555636,0.5810901971569808,0.7931915632601756,0.8865836904721588,0.895126515295104,1.0395848077501668,1.019694465722202],[-0.07044147735514822,0.0,-0.2759571634483961,-0.040227378547638415,0.09076118981334752,0.27843484434785326,0.500865107100444,0.605244884011704,0.5913058748846447,0.7400213241567778,0.7212957734212326],[-0.03227544239553076,-0.2759571634483961,0.0,-0.08327140513047948,0.05005233913289492,0.24083169081477668,0.45911975713488545,0.5584927494646983,0.5533287847964392,0.6972304129558233,0.682098140202203],[0.2692924088087405,-0.040227378547638415,-0.08327140513047948,0.0,-0.1346364747508574,0.054236895066952395,0.27424886059069786,0.3832165495877541,0.3710895047866983,0.5190389416250312,0.5097181041203508],[0.3917782101555636,0.09076118981334752,0.05005233913289492,-0.1346364747508574,0.0,-0.08451185561792687,0.14635350103511058,0.25646770225140114,0.2446135410364481,0.39661163587703896,0.3872515859249678],[0.5810901971569808,0.27843484434785326,0.24083169081477668,0.054236895066952395,-0.08451185561792687,0.0,-0.10360550976651622,0.003287564017257605,-0.008925199597204225,0.14439129110506216,0.13438742201111564],[0.7931915632601756,0.500865107100444,0.45911975713488545,0.27424886059069786,0.14635350103511058,-0.10360550976651622,0.0,-0.07629767885194491,-0.06535082834903277,0.08550712845800335,0.07927088485114439],[0.8865836904721588,0.605244884011704,0.5584927494646983,0.3832165495877541,0.25646770225140114,0.003287564017257605,-0.07629767885194491,0.0,-0.14364370176878707,0.0006616106092081631,-0.00598285879066017],[0.895126515295104,0.5913058748846447,0.5533287847964392,0.3710895047866983,0.2446135410364481,-0.008925199597204225,-0.06535082834903277,-0.14364370176878707,0.0,-0.0727752530791148,-0.07847341226759484],[1.0395848077501668,0.7400213241567778,0.6972304129558233,0.5190389416250312,0.39661163587703896,0.14439129110506216,0.08550712845800335,0.0006616106092081631,-0.0727752530791148,0.0,0.0033195310904219205],[1.019694465722202,0.7212957734212326,0.682098140202203,0.5097181041203508,0.3872515859249678,0.13438742201111564,0.07927088485114439,-0.00598285879066017,-0.07847341226759484,0.0033195310904219205,0.0]],"minimums":[[0.0,-0.11025075611136514,-0.0931039616958449,-0.013594480894819627,-0.038126247148694614,-0.26103644127339687,-0.17861690502991523,-0.16334323545667162,-0.22742545226733107,-0.13749975410610354,-0.13514040942278197],[-0.11025075611136514,0.0,-0.28006889131791474,-0.07686036266742491,-0.07000261585611334,-0.27232941644565656,-0.2382582813460532,-0.19811072358867576,-0.2132411056931437,-0.16720311399571958,-0.16888804270888236],[-0.0931039616958449,-0.28006889131791474,0.0,-0.09641467314268326,-0.08902853680608536,-0.3024919628856497,-0.1932957512237375,-0.24003984387299343,-0.26195531824355495,-0.19143471781308782,-0.1923034334942439],[-0.013594480894819627,-0.07686036266742491,-0.09641467314268326,0.0,-0.198234326263804,-0.06037387179173098,0.06449114894943353,0.06814828351449767,-0.004634833300245611,0.008786461116189553,0.008240667793340734],[-0.038126247148694614,-0.07000261585611334,-0.08902853680608536,-0.198234326263804,0.0,-0.0932108720391904,0.021656982195601415,0.0239759439845616,-0.04102911802069187,-0.030999763609721093,-0.030193961605456593],[-0.26103644127339687,-0.27232941644565656,-0.3024919628856497,-0.06037387179173098,-0.0932108720391904,0.0,-0.20742238412401265,-0.1965485668385411,-0.19223631139008063,-0.10459130874426159,-0.10224321466683904],[-0.17861690502991523,-0.2382582813460532,-0.1932957512237375,0.06449114894943353,0.021656982195601415,-0.20742238412401265,0.0,-0.09431820869545153,-0.06707344497793535,0.07188527961553884,0.07190613639730783],[-0.16334323545667162,-0.19811072358867576,-0.24003984387299343,0.06814828351449767,0.0239759439845616,-0.1965485668385411,-0.09431820869545153,0.0,-0.1436437017687876,-0.009149568393515106,-0.009609505089991158],[-0.22742545226733107,-0.2132411056931437,-0.26195531824355495,-0.004634833300245611,-0.04102911802069187,-0.19223631139008063,-0.06707344497793535,-0.1436437017687876,0.0,-0.08699747315658254,-0.0872257693091694],[-0.13749975410610354,-0.16720311399571958,-0.19143471781308782,0.008786461116189553,-0.030999763609721093,-0.10459130874426159,0.07188527961553884,-0.009149568393515106,-0.08699747315658254,0.0,-0.07189754740761284],[-0.13514040942278197,-0.16888804270888236,-0.1923034334942439,0.008240667793340734,-0.030193961605456593,-0.10224321466683904,0.07190613639730783,-0.009609505089991158,-0.0872257693091694,-0.07189754740761284,0.0]]},"decomposition_convex_hulls":{"averages":[[0.0,0.09238388761878014,0.0,0.0,0.05124536265660673,0.024872586131095886,0.003553226590156555,0.0,0.12847956213354927,0.20238579007983062,0.2432287031710133,0.26462261322140634,0.2821267204284679,0.33269413876534015,0.3558857486363788,0.3321601841964298,0.3179499207844269,0.3086354407359312,0.3015828203902149,0.2642526690561995,0.41205958232475587,0.4426368253922405,0.46438851629327876,0.47054396062721826,0.4692381204113316,0.4851695699249864,0.5397058567848666,0.54658656351296,0.5472314331945759,0.5641584255137849,0.4821105155450592,0.49249525869305466,0.5708282529610753,0.6142656269717672,0.5493283506174168,0.5659883547945791,0.6293709322535175,0.6285170290131239,0.6669730616312766,0.6512439560919692,0.648255322521311,0.6710655712618491,0.6483655186151297,0.6490897167022676,0.6401434999962357,0.6513793256545063,0.6400639734254977,0.6764890770919189,0.6475236491471151,0.6723554185838969,0.6957114235869625,0.6900612723404641,0.6967735282060691,0.6996690908759393,0.671276279289553,0.6700467096567123,0.6941318334266089,0.6920219452738,0.687854871161017,0.6929757931645276,0.6909260409397906,0.6934807650621717,0.6996000277747614,0.6946409760845943,0.6951142515663618,0.690062318838319,0.7077192758346296,0.6832399736505941,0.6955744903792224,0.7280753772489021,0.723606195107748,0.7210180254454296,0.7285501336295597,0.7315517244154791,0.7231151675718932,0.7245165377406757,0.7318645338339479,0.7321798738069175,0.725697092575575,0.7217092710658496,0.7186236160789591,0.7260075810445463,0.7295275634228411,0.7207802379277362,0.7218883195394304,0.7298516070525884,0.7301706082353702],[0.09238388761878014,0.0,0.09238388761878014,0.09238388761878014,0.04815691719595125,0.0,0.0,0.0,-0.0012132121324539239,0.07269301581382631,0.11353592890500888,0.134929838955401,0.15243394616246084,0.20300136449932907,0.23006662301060224,0.20344131320011677,0.18829069637718332,0.1785658694354861,0.17139709531796152,0.13453583010572484,0.29484639216049213,0.32949353395476666,0.3521715633018756,0.3566579258517796,0.35794078791211287,0.3733815300699064,0.43345977460779656,0.44361578769843213,0.44602938329684805,0.4611799709128415,0.3726716836399314,0.3830588887317512,0.4762427137164836,0.5274865864545505,0.45169138834788886,0.469286271695243,0.5496397553792873,0.5492427320781752,0.5897864642280708,0.5736530508804274,0.5714839697805709,0.5974193368309526,0.5739880037347473,0.5688743279304541,0.5601906945009828,0.571070325783807,0.5601022496413289,0.6010744695129413,0.5714628227030298,0.598585670925603,0.6229286535960059,0.6171481096264627,0.6237134203790268,0.6267648515474257,0.598177544231758,0.5971502798415432,0.6206837170315642,0.6190802931176146,0.614983880742791,0.6210207235177885,0.619140459117567,0.6207396442042038,0.6269366753335421,0.6225200324333837,0.6231514256986403,0.6184718870634068,0.6366828978231955,0.6117972866272021,0.6251540539991902,0.6580139706015377,0.6525753758537663,0.6501532246307015,0.6583057207923655,0.6616918662283431,0.6524627208173205,0.6539459797478747,0.6620962771378218,0.6624149810010057,0.6552370414192649,0.6503401370517101,0.6473860434498288,0.6553581320597752,0.6593520912766867,0.649738120503074,0.6508886102341089,0.6597578327801201,0.6600695823963102],[0.0,0.09238388761878014,0.0,0.0,0.024872604966468263,0.0,0.0,0.0,0.12847956213354927,0.20238579007983062,0.2433988655871939,0.2647671113472969,0.28223595817343317,0.3327854215486202,0.3631992463405543,0.3383972538685513,0.32349045899248147,0.31355150047989566,0.3057100031738834,0.2648213871949598,0.42113762717196584,0.4519626808778762,0.47334411642112756,0.47926066830163633,0.4780231510331277,0.49372257921162976,0.5488647119858421,0.5561361326914984,0.5568581898999404,0.5734839999954479,0.4912603789529611,0.5015394750356006,0.5800353514818355,0.6239576590680183,0.5590248032985423,0.57544877196672,0.6394903678439725,0.6384937172657179,0.6774001612136595,0.6617157574638827,0.6588441855285511,0.6814359914865169,0.6587129737894873,0.659220380122771,0.6503189935602107,0.6612997562278742,0.6499818050085181,0.6869829457446746,0.658052981737466,0.68268188934984,0.7060893972730212,0.7010755859700007,0.7073934448512849,0.7100339958961694,0.6816883562868845,0.6807583526156598,0.7047987394429409,0.7028191757736117,0.6984838361270663,0.7037933582506088,0.7016417494289486,0.7039834390960585,0.7098356509361821,0.7048452506725603,0.7050693478508487,0.7004361413999802,0.7180792160272127,0.6931726356227517,0.7055378415777935,0.7386344038853784,0.7341442366958237,0.7314643242613497,0.7390729092016952,0.7421127851474988,0.7336610061062174,0.7350579787335443,0.7425341370145278,0.742762901971612,0.7363343768460748,0.7323530827211833,0.7292013624249529,0.7366249339076947,0.7401790353587897,0.7314251003650424,0.7325304046066948,0.7405825045332863,0.7408241813590677],[0.0,0.09238388761878014,0.0,0.0,0.057211365232140494,0.0,0.0,0.0,0.12847956213354927,0.20238579007983062,0.24326755869868252,0.26466040762582177,0.2821437522729171,0.3327065736062778,0.3599884304535592,0.33565372054303133,0.3209623526765886,0.31122797940311747,0.30369064413208674,0.2644681643203464,0.41670199190355084,0.4471276484980742,0.46860826037029835,0.47466079689135166,0.4733249675629381,0.48922721132797437,0.5441544735979941,0.5510925705483695,0.5518307579560863,0.568479437011181,0.4864209402096529,0.49681893619327094,0.5749936622759783,0.6185038826252011,0.554117684473933,0.5704822769646072,0.6339983995568802,0.6328479662823728,0.6717581467175316,0.6561351356383947,0.6532264688374807,0.6755959431665769,0.6528568671406692,0.6538773827666055,0.6449797304968026,0.6558895791384648,0.6446603742419351,0.6812462560616327,0.6523201993483407,0.6769136094520106,0.7004124831501112,0.6952624446022422,0.7016593843867087,0.7042425952958126,0.6759812756919614,0.674961302667677,0.6992977935583021,0.6973038558676605,0.6929630889204792,0.6983214051005177,0.6961912113276032,0.6982563016602067,0.7041393496501397,0.6989517764396936,0.6992062745053642,0.6946875472704644,0.7119344540541205,0.6873119108140663,0.699688160548267,0.732623265448468,0.7282507086272308,0.7255114491372435,0.7330422932724521,0.7361300396979484,0.7276863076657347,0.7290373069892045,0.7365405042576647,0.736771715701048,0.7306130866796111,0.7267168203782781,0.7235060251147968,0.7308800797012145,0.7344662037146465,0.7257210742913854,0.7267903142458417,0.7348711028781806,0.7351199646489835],[0.05124536265660673,0.04815691719595125,0.024872604966468263,0.057211365232140494,0.0,0.0,0.0159895196557045,0.03730887919664383,0.08543808841174454,0.1560061821345802,0.20022379149105038,0.22138360754000547,0.237682054713781,0.28687354163499795,0.33186747849405485,0.3059902129464839,0.2903917573960453,0.27939260843677216,0.2700986636275592,0.22689136034339927,0.39575602028241863,0.4292318339895478,0.4512321628304523,0.4561470088255783,0.4565640753152303,0.47230110018785526,0.5310783450424883,0.5405444439818884,0.5425245002038372,0.5577142899358943,0.471198916827094,0.4815193471427691,0.5706374631356221,0.6195096512076099,0.5472889487977622,0.5644996349170932,0.6390248048570772,0.6383735134760851,0.6783223105381502,0.6623535875855894,0.659859276535484,0.6844758884781994,0.6611805280921877,0.6583931655189292,0.6496675157085176,0.6604172309972581,0.6493576494743548,0.6889127299903449,0.6594940224093478,0.6856395165400643,0.7096030699756808,0.7039715270947049,0.710621686762499,0.7135264946615985,0.6849296533697513,0.6838884690817297,0.707737849555239,0.7059408034596324,0.7017850237995975,0.7075321101782781,0.7055613377386847,0.7074806218246267,0.7135140923233012,0.708790037332697,0.7092213286749939,0.7046015070959785,0.7225455759670677,0.6977015457033939,0.7105787596424865,0.7436270735208117,0.7386252574154776,0.7360717171866485,0.7439808489801687,0.7472271809324231,0.7383291080609007,0.7397633394209318,0.7476275216882999,0.7479043553736408,0.7411194122982724,0.7366311780510837,0.7335736601957455,0.7413108633923224,0.7451156641261386,0.7358719012727657,0.736998018635992,0.745515208964821,0.7457943489773414],[0.024872586131095886,0.0,0.0,0.0,0.0,0.0,0.0,0.02131935954093933,0.0360956745147697,0.1100019024610506,0.15151280832688668,0.17303163603210123,0.19014095528173594,0.2405311402870726,0.2733441761580147,0.2474978186388355,0.23228424197443084,0.22211199742534538,0.21395686097933508,0.17378554669367166,0.3371300050511136,0.37102733705654634,0.3935138178585641,0.3982451402615289,0.39892774272495624,0.414753649772137,0.47388415627417707,0.4833031105139164,0.4854008525200315,0.5006346303024712,0.4135578332262901,0.4240483447778462,0.5139347630210988,0.5629352594741245,0.4904226395139062,0.5077374587370538,0.5829526398124273,0.5822290080748365,0.6221267407164642,0.6062475489899402,0.6037837800982786,0.6282698842074604,0.6050930837271286,0.6024164764504064,0.5936055360934924,0.6044710921345803,0.5933103363608235,0.6327435778477924,0.6034350743443223,0.6294803943541967,0.6534676194749797,0.6477853702663253,0.6544375014166455,0.6572561052176679,0.6288558899543251,0.6277700270971913,0.6517674529429679,0.6499640834619236,0.6457508711143415,0.6514852168897958,0.6494761875728714,0.6513067777630066,0.657288266549603,0.652344880130862,0.6527613810131655,0.6482928867642866,0.6659441986789039,0.6412323948364311,0.654130942247464,0.687096642590981,0.6821949952820447,0.6795940089937222,0.6874460671005236,0.6907154313950045,0.6818509806725706,0.6832573034734066,0.6911003669655659,0.6913718734937737,0.6847417691406532,0.680374111423733,0.6772624119276415,0.6849370337013608,0.6887439285164486,0.6795601185822877,0.6806594081599037,0.6891209674427279,0.6893982137566993],[0.003553226590156555,0.0,0.0,0.0,0.0159895196557045,0.0,0.0,0.0,0.03609567451476969,0.1100019024610506,0.15091181459678008,0.17232837561408443,0.18977062170485215,0.24032327490842634,0.2712935496084608,0.2452003245611944,0.22994475927132507,0.21985504583938628,0.2119173329406131,0.17228040513594978,0.33530433619066363,0.36924805621727885,0.3918730962944144,0.3964962660721797,0.3973754837250876,0.4131936094621737,0.4726400671427277,0.48231281556251016,0.48456404213211646,0.49963964552086104,0.4120578245330652,0.422543388909302,0.5137035380134038,0.5631826525580861,0.48976336707984697,0.5072062754811917,0.5834861645410097,0.5828900327238008,0.6226481527041144,0.606720324769311,0.6042985669437937,0.6292202009807905,0.605986949115807,0.6028185086596362,0.5940006167482836,0.6049858295448657,0.5938224211750828,0.633447348366856,0.6040802971657839,0.6304210272946938,0.6545190465141096,0.6485691451682104,0.6553655082832249,0.6583297647249762,0.6298364861826732,0.6286146485017567,0.6526110815236391,0.650787639078491,0.6467141943069389,0.6524152762514132,0.6505153122974364,0.6523304916906515,0.6584523188918272,0.6536106173618506,0.6541653408769602,0.6495307662777473,0.6673640993018923,0.6427285589379057,0.6557281058668986,0.6885397339210567,0.6835127339690107,0.680984917573052,0.6888976739437953,0.6921673892481042,0.6832283222834284,0.6846554085431673,0.692493604418797,0.692811053563773,0.6860357010158972,0.6815282508886393,0.6784820042178452,0.6862278289070175,0.690050714671492,0.680776037225073,0.6818948523404993,0.6903860585835498,0.6907009484230696],[0.0,0.0,0.0,0.0,0.03730887919664383,0.02131935954093933,0.0,0.0,0.03609567451476969,0.1100019024610506,0.15084481555223325,0.17223872560262538,0.18974283280968524,0.2403102511465535,0.2674894229650709,0.24167023319359007,0.22667197604162462,0.2169332903504182,0.20957318309077114,0.17186741294768224,0.33025791589618175,0.3639275659551709,0.38651116772396193,0.3913620100409391,0.3920515659823725,0.40775353381927987,0.46656987460707994,0.47593511107621683,0.4779533618585888,0.49347080001393423,0.4064021657290289,0.4168133541956138,0.5063503576897052,0.5551445341049661,0.48269871370751744,0.5000197079230134,0.5749609846943198,0.5743660888319749,0.6141377861615586,0.5980797957320336,0.5956026006972652,0.6204879856772072,0.5972878554067977,0.5943362580441822,0.5855710037465781,0.5966069788878754,0.5854659843891759,0.6248319772748112,0.5953656678722562,0.6217071059725353,0.6457294006298535,0.6398195174133782,0.6465493240852502,0.6495381733936254,0.6210620720224161,0.6199084018172749,0.6436975222886963,0.6418684354506995,0.6378159519186878,0.6434484629714181,0.6415401462712969,0.6435038661386824,0.6497107942371734,0.6450257425307345,0.645632258087351,0.6408570886349118,0.6588036900281287,0.6341694551827362,0.6470681310806601,0.6797005773618298,0.6746596543309739,0.672191786360684,0.6800772236570002,0.6832915508477265,0.6744044624231136,0.6758552999869052,0.6836373331819959,0.6839649129655011,0.6770499879392599,0.6725445965583273,0.6695487465927094,0.6772588305441577,0.6810362840440367,0.6718099178153969,0.6729429065298379,0.6813879389132415,0.6817119097018541],[0.12847956213354927,-0.0012132121324539239,0.12847956213354927,0.12847956213354927,0.08543808841174454,0.0360956745147697,0.03609567451476969,0.03609567451476969,0.0,0.0,0.04084291309118271,0.06223682314157486,0.07974093034863472,0.13030834868550303,0.16241841506913482,0.132759801047957,0.11674731395908515,0.10643910290584987,0.09896202793872123,0.06184281429190224,0.23412564070043546,0.27097645580289226,0.2936212770724969,0.2967305488539923,0.2985559151974447,0.31311141033274414,0.3765732986004679,0.3886191826575756,0.39191531533871526,0.4061084068952218,0.3145432371180955,0.3246985498824783,0.42643359865959435,0.482160445064622,0.39974420308305353,0.4180688876371288,0.5080696744850436,0.5080158157730044,0.549635217007289,0.5330283182809117,0.5312050085624694,0.5591877163166178,0.5351216180941022,0.5269652605040834,0.5184151432664446,0.5291374534109774,0.5182456574283291,0.5619767054516188,0.5316630208628446,0.5602621180553168,0.5847849093130035,0.5786582154997256,0.5854320749430385,0.5885894027668775,0.5599151604766193,0.5588994113510986,0.5822600524125848,0.5807422169782799,0.576793002733795,0.5828915940806525,0.5812056526245436,0.582574700632981,0.5888774509322217,0.584654882756555,0.5854223106893263,0.5806390405926842,0.5989912116907795,0.574250647309373,0.5879962585908709,0.6206601174887764,0.6149194252116249,0.6126030209775635,0.6209272051693019,0.6244254604179115,0.6149116426755852,0.61642651446205,0.6247878131980293,0.6251365024296409,0.6176465022260343,0.6124460193050942,0.6095736913212769,0.617731304621896,0.6218573722282285,0.6119303722491902,0.6131079191288316,0.6222276152511765,0.6225678733875869],[0.20238579007983062,0.07269301581382631,0.20238579007983062,0.20238579007983062,0.1560061821345802,0.1100019024610506,0.1100019024610506,0.1100019024610506,0.0,0.0,0.0,0.021393910050392154,0.03889801725745201,0.0894654355943203,0.12953074759201752,0.10197433170006366,0.08686348386268729,0.07499862434240753,0.0640564064087067,0.021245912226273846,0.20513594686787684,0.24277026746655544,0.26521312518188117,0.26756307876659396,0.26940230781007946,0.28430118330508425,0.34914964516712643,0.36244885278817857,0.3666001878968979,0.37950513443844275,0.2863949708464218,0.29615936129919584,0.4043956127458563,0.4634283748103403,0.37622554294337907,0.39492552518330043,0.49152784407952144,0.4917816387467492,0.534286241266446,0.5173292509906899,0.5156134846407089,0.5451533315537571,0.5206051145601637,0.5100640101456814,0.5018085636124704,0.5123625268291834,0.501786615265427,0.547336039206601,0.5164700626526437,0.5461301261589964,0.5707789807143725,0.5644135942125906,0.5713019317547788,0.5744846036643273,0.545812132651191,0.5447969250161938,0.5680006785621318,0.5665085684159805,0.5626321172568303,0.5687658773106012,0.5672181168736921,0.5685327596745179,0.5749000834438059,0.5708537307174745,0.5717120608700055,0.5668447413999813,0.5852750382062568,0.5606759243146461,0.574729337569384,0.607132277585632,0.6011689220295106,0.5989443445139037,0.6073853229227048,0.6109598932517373,0.6012341629207129,0.6027792750741481,0.6112766711179022,0.6116549236326224,0.6039665149539842,0.5985773758550851,0.5957558961017175,0.6040263881444674,0.6082634846253991,0.5981077566608938,0.5992870212232849,0.6085802698953613,0.6089604611565197],[0.2432287031710133,0.11353592890500888,0.2433988655871939,0.24326755869868252,0.20022379149105038,0.15151280832688668,0.15091181459678008,0.15084481555223325,0.04084291309118271,0.0,0.0,0.0,0.01750410720705986,0.06807152554392816,0.11471949282844567,0.08793726304759404,0.07228294761144337,0.05718321817033908,0.045780324309859316,0.0048758002307685705,0.1910768736755084,0.22886938401089582,0.25100360168738445,0.2531688757988227,0.2550304797875707,0.2697892279730873,0.3352930145977479,0.34912607715310295,0.3537854732569168,0.3660624552078601,0.2720940395248967,0.2817048958722255,0.3942677252364605,0.456104701572527,0.3646208632342427,0.38381533897024955,0.48628657361340677,0.4867861936658361,0.5299766426997157,0.5125489236912766,0.5109151344773568,0.5416674344368922,0.5165161039156797,0.5045743449323685,0.4965353840411324,0.5068108268169828,0.4964453109207937,0.5435099938844961,0.5120340103961338,0.5426377745138269,0.5671699812930172,0.5607432879790193,0.5676820385674942,0.5708887251381799,0.5422037177476691,0.5412118232752285,0.5643561850035612,0.5628797364262142,0.5590078791309364,0.5650609486026029,0.5635203447212743,0.5649680285669535,0.5712777756441076,0.5673073986845121,0.5681915207028944,0.5632064614908031,0.5816883410126261,0.5571787432744354,0.5713355587356574,0.6035801120382769,0.5976088789842311,0.5954120284225565,0.603842395293704,0.6074062327793248,0.5976752099382259,0.5992237452412519,0.6076933769739078,0.6080751897551228,0.6003704391750075,0.594943515193478,0.5921592072223502,0.6004308062345358,0.6046767778053648,0.5944804231874712,0.5956672141456109,0.6049756446023286,0.6053562844405587],[0.26462261322140634,0.134929838955401,0.2647671113472969,0.26466040762582177,0.22138360754000547,0.17303163603210123,0.17232837561408443,0.17223872560262538,0.06223682314157486,0.021393910050392154,0.0,0.0,0.0,0.05056741833686829,0.10372240648365924,0.07485459719715157,0.05557121330459849,0.038675416398065765,0.027650019462566906,-0.0010224263240052524,0.18069415471488157,0.218563445299011,0.24025131231808078,0.2421886701504714,0.24386762674748494,0.2575307937249721,0.3234087926164012,0.33723964489736563,0.34166400224129045,0.3544679873847766,0.2603394745685788,0.26955986238452156,0.38202539168701444,0.4439486727972991,0.35219451765398796,0.3715208914246179,0.47462427105716704,0.4752113238541434,0.518652842892814,0.5011331390706039,0.4995916630204571,0.5307740116753212,0.5054333223440399,0.49289174064987473,0.4848784890254931,0.4951037594168279,0.48476253388499585,0.5324548239333584,0.500831711307002,0.5317983100449897,0.5563816225514933,0.549862075145574,0.5568666135137341,0.5600993005839993,0.5313667922445825,0.5303498520160821,0.5535626175997949,0.5520731632200223,0.5482520310398239,0.554292642586736,0.5527573554201479,0.5541981404023554,0.5605141698928274,0.5565553459881327,0.5574664804569137,0.5525049556636594,0.5710257594116819,0.5465445264386807,0.5607857619580211,0.5930175869694947,0.5869562513070398,0.5847861091192602,0.5932705176452573,0.5968676588467636,0.5870541230568336,0.5886130917921353,0.5971539206197451,0.5975347861909658,0.5897628756157606,0.5842557403530673,0.5814900693283693,0.5898035860628258,0.5941000