{"full_convex_hulls":{"averages":[[0.0,0.00019982737302781645,0.06565705771754422,0.21324752364118948,0.2675763407358719,0.35471738258667945,0.42380776309851376,0.4759117122375499,0.47228516030730616,0.5118660319005963,0.5359258718234314,0.5206165704106654,0.5129739538624157,0.5376932192519212,0.5216419561580912],[0.00019982737302781645,0.0,-0.06389557187589165,0.13945849410557076,0.18910477892642216,0.2882273312855937,0.3639269551775556,0.4195317509441096,0.4173675711261256,0.4581162419117457,0.4843784359761683,0.4676712770592763,0.45912718154606147,0.48653612139319635,0.4684944264455335],[0.06565705771754422,-0.06389557187589165,0.0,0.00011925678327046183,0.06159693747051255,0.19335753627468255,0.2896675518599945,0.34920620806279457,0.3469684036944095,0.3878097197511704,0.41487911013885787,0.39764306994423887,0.38897396806128703,0.41708780261347644,0.39873438408408823],[0.21324752364118948,0.13945849410557076,0.00011925678327046183,0.0,-0.05233989151481689,0.1241297847781247,0.24271596091797085,0.3048006514857086,0.3020067138832182,0.34269121900641203,0.3704809375599151,0.35297704935434326,0.34383143657596915,0.3723418324776691,0.3538958347520681],[0.2675763407358719,0.18910477892642216,0.06159693747051255,-0.05233989151481689,0.0,0.0003241533228980065,0.11604852402065322,0.17871084619116456,0.18291588878278986,0.2276779635199435,0.2663016097908217,0.24137893819759051,0.22862415971493208,0.26781474295463903,0.24220621728758193],[0.35471738258667945,0.2882273312855937,0.19335753627468255,0.1241297847781247,0.0003241533228980065,0.0,-0.03090676594294415,0.03740375575448865,0.05898202608302105,0.1111455734921754,0.16396086247935318,0.1293538977506337,0.11157367166098099,0.16547714495212584,0.13013299569429354],[0.42380776309851376,0.3639269551775556,0.2896675518599945,0.24271596091797085,0.11604852402065322,-0.03090676594294415,0.0,0.0004795207088089272,0.019479646498756043,0.07246066491140005,0.1338509781968851,0.09660204548090083,0.07188170577799746,0.1342151640843536,0.09660028021710425],[0.4759117122375499,0.4195317509441096,0.34920620806279457,0.3048006514857086,0.17871084619116456,0.03740375575448865,0.0004795207088089272,0.0,-0.009000001464936316,0.04398101823765441,0.10582584280685456,0.06812242173157354,0.04340206103047129,0.10640467502231792,0.06812065884323706],[0.47228516030730616,0.4173675711261256,0.3469684036944095,0.3020067138832182,0.18291588878278986,0.05898202608302105,0.019479646498756043,-0.009000001464936316,0.0,-0.03356830195203359,0.008669784276994342,-0.0349884750623497,-0.03361099586825947,0.008243284139782819,-0.034990663608040484],[0.5118660319005963,0.4581162419117457,0.3878097197511704,0.34269121900641203,0.2276779635199435,0.1111455734921754,0.07246066491140005,0.04398101823765441,-0.03356830195203359,0.0,-0.011859208761967008,-0.005356409859857628,0.024577347108211058,0.06297947850528594,0.03146225928542267],[0.5359258718234314,0.4843784359761683,0.41487911013885787,0.3704809375599151,0.2663016097908217,0.16396086247935318,0.1338509781968851,0.10582584280685456,0.008669784276994342,-0.011859208761967008,0.0,-0.0038453686049206466,0.06407572401784695,0.04099128478399092,0.04932254619901852],[0.5206165704106654,0.4676712770592763,0.39764306994423887,0.35297704935434326,0.24137893819759051,0.1293538977506337,0.09660204548090083,0.06812242173157354,-0.0349884750623497,-0.005356409859857628,-0.0038453686049206466,0.0,0.031779557547016356,0.04715168786391108,0.027680490256497214],[0.5129739538624157,0.45912718154606147,0.38897396806128703,0.34383143657596915,0.22862415971493208,0.11157367166098099,0.07188170577799746,0.04340206103047129,-0.03361099586825947,0.024577347108211058,0.06407572401784695,0.031779557547016356,0.0,-0.011859303619728059,-0.005791685213244333],[0.5376932192519212,0.48653612139319635,0.41708780261347644,0.3723418324776691,0.26781474295463903,0.16547714495212584,0.1342151640843536,0.10640467502231792,0.008243284139782819,0.06297947850528594,0.04099128478399092,0.04715168786391108,-0.011859303619728059,0.0,-0.00541596226832784],[0.5216419561580912,0.4684944264455335,0.39873438408408823,0.3538958347520681,0.24220621728758193,0.13013299569429354,0.09660028021710425,0.06812065884323706,-0.034990663608040484,0.03146225928542267,0.04932254619901852,0.027680490256497214,-0.005791685213244333,-0.00541596226832784,0.0]],"maximums":[[0.0,0.00019982737302787212,0.07076128315229137,0.3039323968067915,0.3758511803113149,0.579171535630124,0.7176404513071123,0.828159576506094,0.8522439326207374,0.914153105995443,0.9796676575746132,0.9304604046073714,0.9111386051486103,0.9700662084351035,0.9256643055888605],[0.00019982737302787212,0.0,-0.06382864572576265,0.14393502722717394,0.2158324844218607,0.4227780838525722,0.5629638813912412,0.6776093825293195,0.7021667839761518,0.7665351484521565,0.8323270495731406,0.7866827118254346,0.76379200895002,0.8292121374805792,0.7835847282639516],[0.07076128315229137,-0.06382864572576265,0.0,0.00011926217337893555,0.07070874531371048,0.27490062042563357,0.4154736395074458,0.5313732661863628,0.5558191638879303,0.6194456626981051,0.6888550277790658,0.6396673966540227,0.6169520242837276,0.6842951622544501,0.6371341024344959],[0.3039323968067915,0.14393502722717394,0.00011926217337893555,0.0,-0.05221878530058028,0.13137895964860163,0.27198269386937496,0.38882192802389376,0.41342931445575987,0.4782110919246913,0.5473134547296559,0.496319644664151,0.4768278557014199,0.544614373792725,0.4977402199058859],[0.3758511803113149,0.2158324844218607,0.07070874531371048,-0.05221878530058028,0.0,0.00032415831475055,0.1359233523751735,0.2528853733397023,0.2776934678432434,0.34502349136085997,0.411700741432101,0.3632222556438316,0.34389273172364265,0.4114698565542634,0.36293740812674435],[0.579171535630124,0.4227780838525722,0.27490062042563357,0.13137895964860163,0.00032415831475055,0.0,-0.021538161627521504,0.04256298488714596,0.06729197169053881,0.13589521632324855,0.20341833875776574,0.15310577059618638,0.13572580678171062,0.20342778930673228,0.15305516215444698],[0.7176404513071123,0.5629638813912412,0.4154736395074458,0.27198269386937496,0.1359233523751735,-0.021538161627521504,0.0,0.0004795284640658204,0.019479646680590768,0.07989282425466693,0.1366472718745117,0.09665146464126874,0.07990446324624952,0.13664690429562604,0.096651004734808],[0.828159576506094,0.6776093825293195,0.5313732661863628,0.38882192802389376,0.2528853733397023,0.04256298488714596,0.0004795284640658204,0.0,-0.009000001464936305,0.05141311507240949,0.10816773896613836,0.06817174213697282,0.051424865424005435,0.10817457182335073,0.06817131025713602],[0.8522439326207374,0.7021667839761518,0.5558191638879303,0.41342931445575987,0.2776934678432434,0.06729197169053881,0.019479646680590768,-0.009000001464936305,0.0,-0.03250006691050678,0.016136309118144586,-0.03493949147045074,-0.0324900802042489,0.01619830644521739,-0.03494010502433915],[0.914153105995443,0.7665351484521565,0.6194456626981051,0.4782110919246913,0.34502349136085997,0.13589521632324855,0.07989282425466693,0.05141311507240949,-0.03250006691050678,0.0,-0.011834620331559199,-0.0017079954460908237,0.03402452646531068,0.09011939606428054,0.03408859868048704],[0.9796676575746132,0.8323270495731406,0.6888550277790658,0.5473134547296559,0.411700741432101,0.20341833875776574,0.1366472718745117,0.10816773896613836,0.016136309118144586,-0.011834620331559199,0.0,0.038304225912877785,0.09050222526881527,0.11917523196444872,0.08241411849122737],[0.9304604046073714,0.7866827118254346,0.6396673966540227,0.496319644664151,0.3632222556438316,0.15310577059618638,0.09665146464126874,0.06817174213697282,-0.03493949147045074,-0.0017079954460908237,0.038304225912877785,0.0,0.03408601197361007,0.08241969276297069,0.02814506235992858],[0.9111386051486103,0.76379200895002,0.6169520242837276,0.4768278557014199,0.34389273172364265,0.13572580678171062,0.07990446324624952,0.051424865424005435,-0.0324900802042489,0.03402452646531068,0.09050222526881527,0.03408601197361007,0.0,-0.011834633452511649,-0.0017130091375159146],[0.9700662084351035,0.8292121374805792,0.6842951622544501,0.544614373792725,0.4114698565542634,0.20342778930673228,0.13664690429562604,0.10817457182335073,0.01619830644521739,0.09011939606428054,0.11917523196444872,0.08241969276297069,-0.011834633452511649,0.0,0.036697406626617385],[0.9256643055888605,0.7835847282639516,0.6371341024344959,0.4977402199058859,0.36293740812674435,0.15305516215444698,0.096651004734808,0.06817131025713602,-0.03494010502433915,0.03408859868048704,0.08241411849122737,0.02814506235992858,-0.0017130091375159146,0.036697406626617385,0.0]],"minimums":[[0.0,0.0001998273730277611,0.02814159319590056,0.0889581779784417,-0.02608436471535412,-0.09964495499814599,-0.10767271932367431,-0.07902211166508893,-0.07717863521002771,-0.050699673305182776,-0.03505935939682892,-0.07087838030415235,-0.03658655468716827,-0.05769275117786945,-0.04520524697746142],[0.0001998273730277611,0.0,-0.06398267235977573,0.10016275738813414,0.04140153167410692,-0.09967032538593515,-0.10050873165562582,-0.06020463446930424,-0.0909170417825455,-0.03391214437479808,-0.00972691269465782,-0.028423065337898165,-0.04676864986798331,-0.07162920194887332,-0.05648199557425459],[0.02814159319590056,-0.06398267235977573,0.0,0.00011925623495076492,-0.04376419633570616,-0.062347732686421214,-0.047127786830959695,-0.04813883336716277,-0.10044649612622567,-0.04448374375417035,-0.049290452202671926,-0.05299423433676277,-0.04103752572991806,-0.0384650624751845,-0.04635682863820042],[0.0889581779784417,0.10016275738813414,0.00011925623495076492,0.0,-0.052504437864511984,0.07326242462523022,0.130826668973731,0.11990302523363527,0.043461033141330305,0.036558475881147946,-0.01300707410468787,0.012217230499364726,0.033671341621332965,-0.022411214177093325,0.02380775486686302],[-0.02608436471535412,0.04140153167410692,-0.04376419633570616,-0.052504437864511984,0.0,0.00032415273266688774,0.053825206272238586,0.04575778520034488,-0.02273421908975521,-0.039671352285355094,-0.057777389211915955,-0.038041976381276967,-0.0350980487708101,-0.06131299938675008,-0.0421949281093741],[-0.09964495499814599,-0.09967032538593515,-0.062347732686421214,0.07326242462523022,0.00032415273266688774,0.0,-0.06151929944249426,-0.012559404224835131,-0.020538661154959892,-0.014961232958264903,0.01704099703974238,0.0024805917917182663,-0.019091230384867916,0.021035061312811215,0.005460017894195688],[-0.10767271932367431,-0.10050873165562582,-0.047127786830959695,0.130826668973731,0.053825206272238586,-0.06151929944249426,0.0,0.0004795202701368406,0.019479646384637866,0.06555893561987725,0.12776546245312875,0.09657757204329387,0.06554716546665668,0.12778744224927435,0.09657756748405422],[-0.07902211166508893,-0.06020463446930424,-0.04813883336716277,0.11990302523363527,0.04575778520034488,-0.012559404224835131,0.0004795202701368406,0.0,-0.009000001464936305,0.037079227336201656,0.10076327303038142,0.06809799908370633,0.03706757171303529,0.10146648805790218,0.06809799931000997],[-0.07717863521002771,-0.0909170417825455,-0.10044649612622567,0.043461033141330305,-0.02273421908975521,-0.020538661154959892,0.019479646384637866,-0.009000001464936305,0.0,-0.0340058827592701,0.0035491131842211895,-0.03501335656332577,-0.03404927464855318,0.002854635112340024,-0.035013379395732076],[-0.050699673305182776,-0.03391214437479808,-0.04448374375417035,0.036558475881147946,-0.039671352285355094,-0.014961232958264903,0.06555893561987725,0.037079227336201656,-0.0340058827592701,0.0,-0.01190000011266805,-0.019967854022979736,0.018193782641591248,0.009868868054469312,0.026854843421319052],[-0.03505935939682892,-0.00972691269465782,-0.049290452202671926,-0.01300707410468787,-0.057777389211915955,0.01704099703974238,0.12776546245312875,0.10076327303038142,0.0035491131842211895,-0.01190000011266805,0.0,-0.02640368638254467,0.009685815099772482,-0.032000001519918414,-0.009076479385054459],[-0.07087838030415235,-0.028423065337898165,-0.05299423433676277,0.012217230499364726,-0.038041976381276967,0.0024805917917182663,0.09657757204329387,0.06809799908370633,-0.03501335656332577,-0.019967854022979736,-0.02640368638254467,0.0,0.026867151115373383,-0.010843509107208648,0.013007380653944342],[-0.03658655468716827,-0.04676864986798331,-0.04103752572991806,0.033671341621332965,-0.0350980487708101,-0.019091230384867916,0.06554716546665668,0.03706757171303529,-0.03404927464855318,0.018193782641591248,0.009685815099772482,0.026867151115373383,0.0,-0.0119001925576884,-0.019967854022979736],[-0.05769275117786945,-0.07162920194887332,-0.0384650624751845,-0.022411214177093325,-0.06131299938675008,0.021035061312811215,0.12778744224927435,0.10146648805790218,0.002854635112340024,0.009868868054469312,-0.032000001519918414,-0.010843509107208648,-0.0119001925576884,0.0,-0.025497294755777698],[-0.04520524697746142,-0.05648199557425459,-0.04635682863820042,0.02380775486686302,-0.0421949281093741,0.005460017894195688,0.09657756748405422,0.06809799931000997,-0.035013379395732076,0.026854843421319052,-0.009076479385054459,0.013007380653944342,-0.019967854022979736,-0.025497294755777698,0.0]]},"full_obbs":{"averages":[[0.0,0.10955541594553217,0.09160478588165474,0.2618182254240421,0.23595741902096687,0.4000748598393562,0.4211801386013633,0.4946331685243939,0.4688561394339733,0.5223398557050469,0.5438550034070904,0.530079644282179,0.5216600343805834,0.5424586298590918,0.5295313183754192],[0.10955541594553217,0.0,-0.10494354741535453,0.14323330023662517,0.1009800344821122,0.287182899406129,0.3106902758527709,0.3922851467508121,0.36569985855686094,0.4217165470112628,0.44703092870787337,0.43078121451053164,0.4214565364645915,0.44635894119364583,0.4306328080655795],[0.09160478588165474,-0.10494354741535453,0.0,0.10149334869860609,0.0553684403105627,0.2539426519371608,0.2796634382874666,0.36005382266778585,0.3338495068764181,0.38880811170742047,0.4133507394159757,0.39769331994956825,0.3887087405343868,0.4128867927669087,0.3976203924155602],[0.2618182254240421,0.14323330023662517,0.10149334869860609,0.0,-0.12818597677859972,0.17396656924801457,0.2014199700406527,0.2871105772115524,0.2584134911872722,0.3135180054583889,0.33925925152807435,0.3227669579221575,0.3137510974522038,0.33952459981736,0.322950456253234],[0.23595741902096687,0.1009800344821122,0.0553684403105627,-0.12818597677859972,0.0,0.13130944469106096,0.15467394979048385,0.23605977134784112,0.207037432034339,0.26070142153256537,0.2863594365741518,0.27000486322560224,0.2611067938535386,0.28719418118001044,0.27028084452470647],[0.4000748598393562,0.287182899406129,0.2539426519371608,0.17396656924801457,0.13130944469106096,0.0,-0.07504092301222756,0.01456904987297442,-0.01744430400399717,0.059260865384787635,0.10522836995320424,0.07507769408095727,0.05902121708628482,0.10490317091372545,0.0747945552295291],[0.4211801386013633,0.3106902758527709,0.2796634382874666,0.2014199700406527,0.15467394979048385,-0.07504092301222756,0.0,0.029988134444074204,-0.012085590791980036,0.06310011597970663,0.12058876028713768,0.08490660209720584,0.0631438137312117,0.12043664458085448,0.08487841063837306],[0.4946331685243939,0.3922851467508121,0.36005382266778585,0.2871105772115524,0.23605977134784112,0.01456904987297442,0.029988134444074204,0.0,-0.06895254512370595,0.004695847182498323,0.06186487926019048,0.026800709091685686,0.004742884349008205,0.061761953911974664,0.026784768046537507],[0.4688561394339733,0.36569985855686094,0.3338495068764181,0.2584134911872722,0.207037432034339,-0.01744430400399717,-0.012085590791980036,-0.06895254512370595,0.0,-0.03728006794328784,0.01972294917126074,-0.01527301477353865,-0.03722416478739443,0.01966409057370764,-0.01528895581868684],[0.5223398557050469,0.4217165470112628,0.38880811170742047,0.3135180054583889,0.26070142153256537,0.059260865384787635,0.06310011597970663,0.004695847182498323,-0.03728006794328784,0.0,-0.02093980773915142,-0.019967854022979733,-0.011759679648335169,0.028373219293275253,-0.012808676877123708],[0.5438550034070904,0.44703092870787337,0.4133507394159757,0.33925925152807435,0.2863594365741518,0.10522836995320424,0.12058876028713768,0.06186487926019048,0.01972294917126074,-0.02093980773915142,0.0,-0.009956148732655845,0.028572910502095806,0.05365485756000293,0.020710837322556585],[0.530079644282179,0.43078121451053164,0.39769331994956825,0.3227669579221575,0.27000486322560224,0.07507769408095727,0.08490660209720584,0.026800709091685686,-0.01527301477353865,-0.019967854022979733,-0.009956148732655845,0.0,-0.01251024168250876,0.020649267789024525,-0.019874382705526765],[0.5216600343805834,0.4214565364645915,0.3887087405343868,0.3137510974522038,0.2611067938535386,0.05902121708628482,0.0631438137312117,0.004742884349008205,-0.03722416478739443,-0.011759679648335169,0.028572910502095806,-0.01251024168250876,0.0,-0.02091375705534344,-0.019967854022979733],[0.5424586298590918,0.44635894119364583,0.4128867927669087,0.33952459981736,0.28719418118001044,0.10490317091372545,0.12043664458085448,0.061761953911974664,0.01966409057370764,0.028373219293275253,0.05365485756000293,0.020649267789024525,-0.02091375705534344,0.0,-0.010107178902760833],[0.5295313183754192,0.4306328080655795,0.3976203924155602,0.322950456253234,0.27028084452470647,0.0747945552295291,0.08487841063837306,0.026784768046537507,-0.01528895581868684,-0.012808676877123708,0.020710837322556585,-0.019874382705526765,-0.019967854022979733,-0.010107178902760833,0.0]],"maximums":[[0.0,0.10955541594553048,0.14208112327970865,0.4106413663395045,0.4026253873094851,0.7220638351381499,0.7638723497687728,0.9191472071443487,0.8846670561040677,0.9616702940407897,1.0179740834559483,0.9840218541764544,0.967329768884665,1.0252325143044048,0.9811129644881055],[0.10955541594553048,0.0,5.4852936090165116e-18,0.17262410552653118,0.16303894852624878,0.48608146426442855,0.5378210714543376,0.6814742061927639,0.643373401548295,0.7322633394576479,0.7971136084453312,0.7525625859618925,0.741030233572539,0.7891549332583675,0.7547347445883287],[0.14208112327970865,5.4852936090165116e-18,0.0,0.10149338810752329,0.09191147343665607,0.4132523272381046,0.4674999224632088,0.6115914771770267,0.5738443989334493,0.6629021764925326,0.7244688998455356,0.6797962336566523,0.6697583248433691,0.7216242780047984,0.6833633298576314],[0.4106413663395045,0.17262410552653118,0.10149338810752329,0.0,-0.09778594781233234,0.22336683768930782,0.27681270686122245,0.4215895813867073,0.3820606563654489,0.4793108841192464,0.5378847595449087,0.4896141502179656,0.47612609210324564,0.538942510115458,0.4901064118272197],[0.4026253873094851,0.16303894852624878,0.09191147343665607,-0.09778594781233234,0.0,0.1313095217267012,0.18350924014847358,0.32737118569803436,0.2921680443603518,0.3860539156744253,0.44338210185548765,0.4007114732458097,0.3831809257437418,0.44722570851181276,0.39933146904511063],[0.7220638351381499,0.48608146426442855,0.4132523272381046,0.22336683768930782,0.1313095217267012,0.0,9.258289716295296e-18,0.04892129757180971,0.013677904670549093,0.10647905314179876,0.16662055724736496,0.12198120501037714,0.10696722094473901,0.16853770159052606,0.12450785951920243],[0.7638723497687728,0.5378210714543376,0.4674999224632088,0.27681270686122245,0.18350924014847358,9.258289716295296e-18,0.0,0.029988163636362086,-0.012085560674239867,0.07516356203926262,0.12994339315180073,0.09106257171744667,0.0752343290856492,0.1292716636963264,0.0910750194860871],[0.9191472071443487,0.6814742061927639,0.6115914771770267,0.4215895813867073,0.32737118569803436,0.04892129757180971,0.029988163636362086,0.0,0.0,0.017175285084887408,0.06659023306834361,0.03307426177978965,0.017246029533910866,0.06658961254791118,0.0330867201732961],[0.8846670561040677,0.643373401548295,0.5738443989334493,0.3820606563654489,0.2921680443603518,0.013677904670549093,-0.012085560674239867,0.0,0.0,-0.02489843878033693,0.024516509203119263,-0.008999462085434687,-0.024827694331313474,0.024487197576870595,-0.008987003691928272],[0.9616702940407897,0.7322633394576479,0.6629021764925326,0.4793108841192464,0.3860539156744253,0.10647905314179876,0.07516356203926262,0.017175285084887408,-0.02489843878033693,0.0,-0.019185468749014674,-0.019967854022979608,1.3010426069826047e-18,0.04870794200795717,-0.0004545865953165658],[1.0179740834559483,0.7971136084453312,0.7244688998455356,0.5378847595449087,0.44338210185548765,0.16662055724736496,0.12994339315180073,0.06659023306834361,0.024516509203119263,-0.019185468749014674,0.0,0.009096091202325324,0.04947306319625727,0.10515787235656436,0.047661217654541926],[0.9840218541764544,0.7525625859618925,0.6797962336566523,0.4896141502179656,0.4007114732458097,0.12198120501037714,0.09106257171744667,0.03307426177978965,-0.008999462085434687,-0.019967854022979608,0.009096091202325324,0.0,-0.00048372467217241283,0.04890575283299442,-0.0023857689052489877],[0.967329768884665,0.741030233572539,0.6697583248433691,0.47612609210324564,0.3831809257437418,0.10696722094473901,0.0752343290856492,0.017246029533910866,-0.024827694331313474,1.3010426069826047e-18,0.04947306319625727,-0.00048372467217241283,0.0,-0.019206072883977056,-0.01996785402297961],[1.0252325143044048,0.7891549332583675,0.7216242780047984,0.538942510115458,0.44722570851181276,0.16853770159052606,0.1292716636963264,0.06658961254791118,0.024487197576870595,0.04870794200795717,0.10515787235656436,0.04890575283299442,-0.019206072883977056,0.0,0.00775916892181265],[0.9811129644881055,0.7547347445883287,0.6833633298576314,0.4901064118272197,0.39933146904511063,0.12450785951920243,0.0910750194860871,0.0330867201732961,-0.008987003691928272,-0.0004545865953165658,0.047661217654541926,-0.0023857689052489877,-0.01996785402297961,0.00775916892181265,0.0]],"minimums":[[0.0,0.10955541594553038,0.060937675495757064,0.05572724378418641,0.0160010119093209,-0.13416150889773254,-0.11576422207868955,-0.049025191693629004,-0.06718744085789352,-0.07934844550558898,-0.0933699542886544,-0.08875981964128832,-0.04985605876680492,-0.06575521639693249,-0.06867333691363851],[0.10955541594553038,0.0,-0.1410587259919736,0.12751045202628677,0.06579798317755878,-0.09409321385579777,-0.0991840765174881,-0.06956727584899092,-0.08751828702068568,-0.05504238884034458,-0.048599581724485974,-0.05024036838275153,-0.05649212856625167,-0.0712142625545491,-0.050898837273269965],[0.060937675495757064,-0.1410587259919736,0.0,0.10149334225690369,0.03976677072629846,-0.10371315706002678,-0.10881020711693265,-0.07878332153195221,-0.11015204121469019,-0.05829672606687046,-0.059517546773557875,-0.05635848078973307,-0.05168464190825517,-0.05596609756345956,-0.06053339654104448],[0.05572724378418641,0.12751045202628677,0.10149334225690369,0.0,-0.14284637916415044,0.10154806455996523,0.11649200540899346,0.08571185293140754,0.05871706250397711,0.028363141421214606,-0.012350951307882788,0.011244268723857838,0.04570731454503665,0.0025990869385365267,0.023976485010113638],[0.0160010119093209,0.06579798317755878,0.03976677072629846,-0.14284637916415044,0.0,0.1313094031844954,0.14431062359049607,0.09034475921734018,0.08360982880515208,0.03416325132922876,-0.009520499478942734,0.030053468134164943,0.03432398992082587,-0.010590408344835572,0.029977676605291492],[-0.13416150889773254,-0.09409321385579777,-0.10371315706002678,0.10154806455996523,0.1313094031844954,0.0,-0.11217668077662112,-0.027278643246186264,-0.06539515069740709,0.00693903840728218,0.04974912219677906,0.03060724457228623,0.00596514882269809,0.04916401634047132,0.03120124320850896],[-0.11576422207868955,-0.0991840765174881,-0.10881020711693265,0.11649200540899346,0.14431062359049607,-0.11217668077662112,0.0,0.029988125771540173,-0.012085598093684084,0.05564711512641113,0.10877667317400766,0.08214637152461628,0.0556445566903936,0.10811080873522665,0.08214645068491216],[-0.049025191693629004,-0.06956727584899092,-0.07878332153195221,0.08571185293140754,0.09034475921734018,-0.027278643246186264,0.029988125771540173,0.0,-0.07007372471921303,-0.002341144840246133,0.05421063780590246,0.024158148059202834,-0.0023437544511838715,0.05393639509335119,0.024158151648315744],[-0.06718744085789352,-0.08751828702068568,-0.11015204121469019,0.05871706250397711,0.08360982880515208,-0.06539515069740709,-0.012085598093684084,-0.07007372471921303,0.0,-0.04340000171214342,0.012640713773946873,-0.01791557580602151,-0.04340000171214343,0.012031627739687462,-0.017915572216908593],[-0.07934844550558898,-0.05504238884034458,-0.05829672606687046,0.028363141421214606,0.03416325132922876,0.00693903840728218,0.05564711512641113,-0.002341144840246133,-0.04340000171214342,0.0,-0.021900000981986523,-0.01996785402297974,-0.011800000444054604,0.005625737369024239,-0.01996785402297973],[-0.0933699542886544,-0.048599581724485974,-0.059517546773557875,-0.012350951307882788,-0.009520499478942734,0.04974912219677906,0.10877667317400766,0.05421063780590246,0.012640713773946873,-0.021900000981986523,0.0,-0.02811300553882959,0.004655633076046236,-0.00867803807314815,-0.0018102417133796635],[-0.08875981964128832,-0.05024036838275153,-0.05635848078973307,0.011244268723857838,0.030053468134164943,0.03060724457228623,0.08214637152461628,0.024158148059202834,-0.01791557580602151,-0.01996785402297974,-0.02811300553882959,0.0,-0.019967854022979733,-0.0026678731792340775,-0.024427766867489306],[-0.04985605876680492,-0.05649212856625167,-0.05168464190825517,0.04570731454503665,0.03432398992082587,0.00596514882269809,0.0556445566903936,-0.0023437544511838715,-0.04340000171214343,-0.011800000444054604,0.004655633076046236,-0.019967854022979733,0.0,-0.021900000981986523,-0.019967854022979736],[-0.06575521639693249,-0.0712142625545491,-0.05596609756345956,0.0025990869385365267,-0.010590408344835572,0.04916401634047132,0.10811080873522665,0.05393639509335119,0.012031627739687462,0.005625737369024239,-0.00867803807314815,-0.0026678731792340775,-0.021900000981986523,0.0,-0.027696566212039093],[-0.06867333691363851,-0.050898837273269965,-0.06053339654104448,0.023976485010113638,0.029977676605291492,0.03120124320850896,0.08214645068491216,0.024158151648315744,-0.017915572216908593,-0.01996785402297973,-0.0018102417133796635,-0.024427766867489306,-0.019967854022979736,-0.027696566212039093,0.0]]},"full_bounding_spheres":{"averages":[[0.0,0.006062386894915516,-0.05293066207868145,0.19635434790567702,0.1813983238249453,0.33038367516958345,0.3682449858879297,0.4623431978616812,0.4347682274695996,0.485492271363943,0.5106549859970723,0.4956739610387031,0.4844931202670422,0.5098490114637209,0.4950957086702652],[0.006062386894915516,0.0,-0.3027972993828417,0.039193169512837314,0.026188795801912634,0.21687571585363594,0.25473702657198205,0.3583915548375376,0.33081658444545514,0.38470430678335277,0.4130644430222339,0.39572642854458295,0.38413320727770534,0.41283757542427724,0.3953983055832103],[-0.05293066207868145,-0.3027972993828417,0.0,-0.01979987946076007,-0.03280425317168502,0.1578826668800383,0.19574397759838477,0.2993985058639404,0.2718235354718578,0.325711257809755,0.3540713940486363,0.336733379570985,0.32514015830410786,0.3538445264506791,0.336405256609613],[0.19635434790567702,0.039193169512837314,-0.01979987946076007,0.0,-0.22898012621513475,0.08855871949994461,0.12642003021829074,0.23762388240989754,0.21004891201781506,0.26542170143477906,0.29510932835729076,0.27684749659182994,0.2653202668878673,0.2954305436662613,0.27679233216092364],[0.1813983238249453,0.026188795801912634,-0.03280425317168502,-0.22898012621513475,0.0,0.05036447379594653,0.0882257845142931,0.19976615612972087,0.17219118573763825,0.22799980956542243,0.25831555223278657,0.23957345305320774,0.2280098509079414,0.2587562414979159,0.2395776885673448],[0.33038367516958345,0.21687571585363594,0.1578826668800383,0.08855871949994461,0.05036447379594653,0.0,-0.2645764918013007,-0.07637423724096382,-0.10394920763304702,-0.01850080824947283,0.03689188371156701,-0.0010398160039910042,-0.017750439708021534,0.0379784031218531,-0.0006375276137234062],[0.3682449858879297,0.25473702657198205,0.19574397759838477,0.12642003021829074,0.0882257845142931,-0.2645764918013007,0.0,-0.038512926522617064,-0.06608789691470054,0.019360502468873157,0.07475319442991292,0.036821494714355106,0.02011087101032455,0.07583971384019926,0.03722378310462266],[0.4623431978616812,0.3583915548375376,0.2993985058639404,0.23762388240989754,0.19976615612972087,-0.07637423724096382,-0.038512926522617064,0.0,-0.12434050637615711,-0.023405279035489283,0.03550044572884484,-0.009452513733021141,-0.0234052790354893,0.035604058295414805,-0.00945251373302112],[0.4347682274695996,0.33081658444545514,0.2718235354718578,0.21004891201781506,0.17219118573763825,-0.10394920763304702,-0.06608789691470054,-0.12434050637615711,0.0,-0.05098024942757251,0.007925475336762322,-0.03702748412510411,-0.05098024942757251,0.008029087903332134,-0.03702748412510409],[0.485492271363943,0.38470430678335277,0.325711257809755,0.26542170143477906,0.22799980956542243,-0.01850080824947283,0.019360502468873157,-0.023405279035489283,-0.05098024942757251,0.0,-0.026535204483304934,-0.060313329907089513,-0.017414212286162224,0.018005401348088933,-0.024517762087730044],[0.5106549859970723,0.4130644430222339,0.3540713940486363,0.29510932835729076,0.25831555223278657,0.03689188371156701,0.07475319442991292,0.03550044572884484,0.007925475336762322,-0.026535204483304934,0.0,-0.027261042086024583,0.01775526108085549,0.023616325288595943,0.0032526751080744847],[0.4956739610387031,0.39572642854458295,0.336733379570985,0.27684749659182994,0.23957345305320774,-0.0010398160039910042,0.036821494714355106,-0.009452513733021141,-0.03702748412510411,-0.060313329907089513,-0.027261042086024583,0.0,-0.024517762087730093,0.003506252792863326,-0.035638854399212286],[0.4844931202670422,0.38413320727770534,0.32514015830410786,0.2653202668878673,0.2280098509079414,-0.017750439708021534,0.02011087101032455,-0.0234052790354893,-0.05098024942757251,-0.017414212286162224,0.01775526108085549,-0.024517762087730093,0.0,-0.026545516204318876,-0.06031332990708951],[0.5098490114637209,0.41283757542427724,0.3538445264506791,0.2954305436662613,0.2587562414979159,0.0379784031218531,0.07583971384019926,0.035604058295414805,0.008029087903332134,0.018005401348088933,0.023616325288595943,0.003506252792863326,-0.026545516204318876,0.0,-0.027164265044849232],[0.4950957086702652,0.3953983055832103,0.336405256609613,0.27679233216092364,0.2395776885673448,-0.0006375276137234062,0.03722378310462266,-0.00945251373302112,-0.03702748412510409,-0.024517762087730044,0.0032526751080744847,-0.035638854399212286,-0.06031332990708951,-0.027164265044849232,0.0]],"maximums":[[0.0,0.006062386894915617,-0.05293066207868202,0.28905959372002266,0.27602968738558015,0.6243791163172447,0.6622404270355908,0.8476211675217693,0.8200461971296867,0.9184353500348037,0.9786488902403467,0.9274988829619365,0.9066766150636836,0.9599463713584426,0.9243534677514723],[0.006062386894915617,0.0,-0.302797299382845,0.039193169512837855,0.02618898373489864,0.37570425506782484,0.413565565786171,0.6005841545548164,0.5730091841627338,0.6710982182814669,0.7315538222994906,0.6812875890872576,0.6700913701004051,0.7309280240845833,0.6822848607558806],[-0.05293066207868202,-0.302797299382845,0.0,-0.01979987946075973,-0.032804065238699054,0.316711206094227,0.3545725168125731,0.5415911055812184,0.5140161351891358,0.6121051693078694,0.672560773325893,0.6222945401136599,0.6110983211268075,0.6719349751109858,0.6232918117822832],[0.28905959372002266,0.039193169512837855,-0.01979987946075973,0.0,-0.22898012621513686,0.12053473818449806,0.15839604890284414,0.34607925688134833,0.31850428648926576,0.4189617673468168,0.47762813534050624,0.4283331346328687,0.41374759997717325,0.4742854677842591,0.42635565804956366],[0.27602968738558015,0.02618898373489864,-0.032804065238699054,-0.22898012621513686,0.0,0.05036447379594777,0.08822578451429386,0.27637934771568845,0.24880437732360589,0.3492772834573262,0.41004034072153034,0.3591197796221307,0.3491367638533739,0.4091721473314822,0.35927745702430625],[0.6243791163172447,0.37570425506782484,0.316711206094227,0.12053473818449806,0.05036447379594777,0.0,-0.2645764918012982,-0.07637423724096325,-0.10394920763304581,-0.0033860472190686552,0.05733388517760171,0.0071516531547967666,-0.0033859901696728922,0.05745362210480459,0.007151684981788919],[0.6622404270355908,0.413565565786171,0.3545725168125731,0.15839604890284414,0.08822578451429386,-0.2645764918012982,0.0,-0.03851292652261715,-0.06608789691469971,0.0344752634992776,0.09519519589594783,0.04501296387314302,0.034475320548673305,0.0953149328231507,0.04501299570013506],[0.8476211675217693,0.6005841545548164,0.5415911055812184,0.34607925688134833,0.27637934771568845,-0.07637423724096325,-0.03851292652261715,0.0,-0.12434050637615707,-0.023405279035488946,0.03747372798504535,-0.009452513733020876,-0.023405279035488974,0.037463414886613366,-0.009452513733020876],[0.8200461971296867,0.5730091841627338,0.5140161351891358,0.31850428648926576,0.24880437732360589,-0.10394920763304581,-0.06608789691469971,-0.12434050637615707,0.0,-0.05098024942757151,0.009898757592962798,-0.03702748412510341,-0.050980249427571483,0.00988844449453083,-0.03702748412510344],[0.9184353500348037,0.6710982182814669,0.6121051693078694,0.4189617673468168,0.3492772834573262,-0.0033860472190686552,0.0344752634992776,-0.023405279035488946,-0.05098024942757151,0.0,-0.02653520448330437,-0.060313329907090506,-0.0174142122861618,0.03198342349810289,-0.02451776208773005],[0.9786488902403467,0.7315538222994906,0.672560773325893,0.47762813534050624,0.41004034072153034,0.05733388517760171,0.09519519589594783,0.03747372798504535,0.009898757592962798,-0.02653520448330437,0.0,-0.018401675221779566,0.03199146432923694,0.06153294921302463,0.01876252920865769],[0.9274988829619365,0.6812875890872576,0.6222945401136599,0.4283331346328687,0.3591197796221307,0.0071516531547967666,0.04501296387314302,-0.009452513733020876,-0.03702748412510341,-0.060313329907090506,-0.018401675221779566,0.0,-0.024517762087730065,0.018754856427178515,-0.03563885439921212],[0.9066766150636836,0.6700913701004051,0.6110983211268075,0.41374759997717325,0.3491367638533739,-0.0033859901696728922,0.034475320548673305,-0.023405279035488974,-0.050980249427571483,-0.0174142122861618,0.03199146432923694,-0.024517762087730065,0.0,-0.026545516204318595,-0.06031332990709051],[0.9599463713584426,0.7309280240845833,0.6719349751109858,0.4742854677842591,0.4091721473314822,0.05745362210480459,0.0953149328231507,0.037463414886613366,0.00988844449453083,0.03198342349810289,0.06153294921302463,0.018754856427178515,-0.026545516204318595,0.0,-0.01841020821749008],[0.9243534677514723,0.6822848607558806,0.6232918117822832,0.42635565804956366,0.35927745702430625,0.007151684981788919,0.04501299570013506,-0.009452513733020876,-0.03702748412510344,-0.02451776208773005,0.01876252920865769,-0.03563885439921212,-0.06031332990709051,-0.01841020821749008,0.0]],"minimums":[[0.0,0.006062386894915617,-0.05293066207868202,0.01658115324185294,-0.03919339821138762,-0.24296342405732882,-0.20510211333898273,-0.12109676238021086,-0.14867173277229342,-0.0992444307337768,-0.072342305397773,-0.08109950405253528,-0.12966416892930258,-0.13023382443100284,-0.10945029427606615],[0.006062386894915617,0.0,-0.302797299382845,0.039193169512837134,0.026188604095452317,-0.18641826738345924,-0.14855695666511315,-0.12508529597635729,-0.15266026636843985,-0.1224114219095916,-0.08016669780828523,-0.11426744888477838,-0.10520123420511639,-0.09637947170800239,-0.1008485299562053],[-0.05293066207868202,-0.302797299382845,0.0,-0.019799879460760672,-0.03280444487814538,-0.24541131635705693,-0.2075500056387108,-0.18407834494995487,-0.2116533153420374,-0.18140447088318923,-0.13915974678188286,-0.173260497858376,-0.16419428317871398,-0.15537252068159998,-0.1598415789298029],[0.01658115324185294,0.039193169512837134,-0.019799879460760672,0.0,-0.2289801262151371,0.024921139553939986,0.06278245027228607,0.05391026678092892,0.026335296388846352,-0.008183716563080645,-0.05550863187212986,-0.010645246007688736,0.012749017795761042,-0.03261209385408595,0.009665925143030635],[-0.03919339821138762,0.026188604095452317,-0.03280444487814538,-0.2289801262151371,0.0,0.05036447379594594,0.08822578451429203,0.05104212907346864,0.023467158681386074,-0.002947745578020411,-0.04441579435152723,-0.012941783202704449,-0.0009634254273940268,-0.04544735632096125,-0.00987067156896737],[-0.24296342405732882,-0.18641826738345924,-0.24541131635705693,0.024921139553939986,0.05036447379594594,0.0,-0.2645764918012982,-0.076374237240964,-0.10394920763304656,-0.03353334026421603,0.00961979726689663,-0.009009081297360444,-0.03353327255830066,0.010159062015881043,-0.00900904661334681],[-0.20510211333898273,-0.14855695666511315,-0.2075500056387108,0.06278245027228607,0.08822578451429203,-0.2645764918012982,0.0,-0.03851292652261798,-0.06608789691470054,0.004327970454130081,0.04748110798524266,0.028852229420985698,0.004328038160045539,0.0480203727342271,0.02885226410499936],[-0.12109676238021086,-0.12508529597635729,-0.18407834494995487,0.05391026678092892,0.05104212907346864,-0.076374237240964,-0.03851292652261798,0.0,-0.12434050637615707,-0.023405279035489474,0.030408686788286468,-0.009452513733021556,-0.023405279035489543,0.03040735294235035,-0.009452513733021473],[-0.14867173277229342,-0.15266026636843985,-0.2116533153420374,0.026335296388846352,0.023467158681386074,-0.10394920763304656,-0.06608789691470054,-0.12434050637615707,0.0,-0.05098024942757204,0.002833716396203931,-0.03702748412510411,-0.050980249427572094,0.002832382550267812,-0.03702748412510404],[-0.0992444307337768,-0.1224114219095916,-0.18140447088318923,-0.008183716563080645,-0.002947745578020411,-0.03353334026421603,0.004327970454130081,-0.023405279035489474,-0.05098024942757204,0.0,-0.026535204483304944,-0.06031332990709082,-0.01741421228616233,0.0008303417226912385,-0.024517762087730516],[-0.072342305397773,-0.08016669780828523,-0.13915974678188286,-0.05550863187212986,-0.04441579435152723,0.00961979726689663,0.04748110798524266,0.030408686788286468,0.002833716396203931,-0.026535204483304944,0.0,-0.03566708845718848,0.0008203623956152262,-0.021056089619826864,-0.014446715655447792],[-0.08109950405253528,-0.11426744888477838,-0.173260497858376,-0.010645246007688736,-0.012941783202704449,-0.009009081297360444,0.028852229420985698,-0.009452513733021556,-0.03702748412510411,-0.06031332990709082,-0.03566708845718848,0.0,-0.024517762087730502,-0.014436451087262915,-0.03563885439921243],[-0.12966416892930258,-0.10520123420511639,-0.16419428317871398,0.012749017795761042,-0.0009634254273940268,-0.03353327255830066,0.004328038160045539,-0.023405279035489543,-0.050980249427572094,-0.01741421228616233,0.0008203623956152262,-0.024517762087730502,0.0,-0.026545516204319018,-0.06031332990709082],[-0.13023382443100284,-0.09637947170800239,-0.15537252068159998,-0.03261209385408595,-0.04544735632096125,0.010159062015881043,0.0480203727342271,0.03040735294235035,0.002832382550267812,0.0008303417226912385,-0.021056089619826864,-0.014436451087262915,-0.026545516204319018,0.0,-0.035669785257126836],[-0.10945029427606615,-0.1008485299562053,-0.1598415789298029,0.009665925143030635,-0.00987067156896737,-0.00900904661334681,0.02885226410499936,-0.009452513733021473,-0.03702748412510404,-0.024517762087730516,-0.014446715655447792,-0.03563885439921243,-0.06031332990709082,-0.035669785257126836,0.0]]},"decomposition_convex_hulls":{"averages":[[0.0,0.033003454096615314,0.006111750751734385,0.0,-0.001480084836483007,0.047681155622006206,0.06280768942833076,0.06280768942833076,0.0791947646141055,0.1799468374395252,0.11188797828303015,0.06805182560449739,0.11771683688553886,0.1680108734099621,0.11482726573075,0.21195362213735655,0.24232032586238683,0.2791198854961079,0.2722715541796289,0.27477636048594334,0.27382881671909565,0.35973313743112656,0.2882069156951574,0.3278738082080824,0.33577002929536154,0.32527855243333925,0.30777004490589627,0.40476710752228173,0.45576955490503507,0.376115964230022,0.3848621505099774,0.4392935225384